Log(E/eV)	Synchr	pg	IC	IC-cmb	pp	Acc	Ad
9	-28.0599	0	-28.3846	-29.9308	0	-4.74902	-11.2627
9.09091	-27.969	0	-28.1828	-29.729	-22.9115	-4.83993	-11.2627
9.18182	-27.8781	0	-28.0233	-29.5695	-20.6076	-4.93084	-11.2627
9.27273	-27.7872	0	-27.889	-29.4352	-20.3174	-5.02175	-11.2627
9.36364	-27.6963	0	-27.7705	-29.3167	-20.2191	-5.11266	-11.2627
9.45455	-27.6054	0	-27.6622	-29.2084	-20.1817	-5.20357	-11.2627
9.54545	-27.5144	0	-27.5606	-29.1068	-20.1675	-5.29447	-11.2627
9.63636	-27.4235	0	-27.4634	-29.0096	-20.1629	-5.38538	-11.2627
9.72727	-27.3326	0	-27.3692	-28.9154	-20.162	-5.47629	-11.2627
9.81818	-27.2417	0	-27.2771	-28.8233	-20.1627	-5.5672	-11.2627
9.90909	-27.1508	0	-27.1863	-28.7325	-20.1638	-5.65811	-11.2627
10	-27.0599	0	-27.0965	-28.6427	-20.1649	-5.74902	-11.2627
10.0909	-26.969	0	-27.0074	-28.5536	-20.1659	-5.83993	-11.2627
10.1818	-26.8781	0	-26.9188	-28.465	-20.1666	-5.93084	-11.2627
10.2727	-26.7872	0	-26.8306	-28.3768	-20.1671	-6.02175	-11.2627
10.3636	-26.6963	0	-26.7426	-28.2888	-20.1672	-6.11266	-11.2627
10.4545	-26.6054	0	-26.6548	-28.2011	-20.1671	-6.20357	-11.2627
10.5455	-26.5144	0	-26.5673	-28.1135	-20.1666	-6.29447	-11.2627
10.6364	-26.4235	0	-26.4798	-28.026	-20.1659	-6.38538	-11.2627
10.7273	-26.3326	0	-26.3925	-27.9387	-20.1648	-6.47629	-11.2627
10.8182	-26.2417	0	-26.3052	-27.8515	-20.1634	-6.5672	-11.2627
10.9091	-26.1508	0	-26.2181	-27.7643	-20.1618	-6.65811	-11.2627
11	-26.0599	0	-26.131	-27.6772	-20.1598	-6.74902	-11.2627
11.0909	-25.969	0	-26.0439	-27.5902	-20.1575	-6.83993	-11.2627
11.1818	-25.8781	0	-25.957	-27.5032	-20.155	-6.93084	-11.2627
11.2727	-25.7872	0	-25.87	-27.4163	-20.1521	-7.02175	-11.2627
11.3636	-25.6963	0	-25.7831	-27.3294	-20.149	-7.11266	-11.2627
11.4545	-25.6054	0	-25.6963	-27.2425	-20.1456	-7.20357	-11.2627
11.5455	-25.5144	0	-25.6094	-27.1557	-20.142	-7.29447	-11.2627
11.6364	-25.4235	0	-25.5226	-27.0688	-20.1381	-7.38538	-11.2627
11.7273	-25.3326	0	-25.4358	-26.9821	-20.1339	-7.47629	-11.2627
11.8182	-25.2417	0	-25.3491	-26.8953	-20.1295	-7.5672	-11.2627
11.9091	-25.1508	0	-25.2623	-26.8085	-20.1249	-7.65811	-11.2627
12	-25.0599	0	-25.1755	-26.7218	-20.12	-7.74902	-11.2627
12.0909	-24.969	0	-25.0888	-26.635	-20.1149	-7.83993	-11.2627
12.1818	-24.8781	0	-25.0021	-26.5483	-20.1096	-7.93084	-11.2627
12.2727	-24.7872	0	-24.9153	-26.4615	-20.1041	-8.02175	-11.2627
12.3636	-24.6963	0	-24.8286	-26.3748	-20.0984	-8.11266	-11.2627
12.4545	-24.6054	0	-24.7418	-26.2881	-20.0925	-8.20357	-11.2627
12.5455	-24.5144	0	-24.6551	-26.2013	-20.0864	-8.29447	-11.2627
12.6364	-24.4235	0	-24.5684	-26.1146	-20.0802	-8.38538	-11.2627
12.7273	-24.3326	0	-24.4816	-26.0278	-20.0738	-8.47629	-11.2627
12.8182	-24.2417	-267.37	-24.3948	-25.9411	-20.0673	-8.5672	-11.2627
12.9091	-24.1508	-221.088	-24.3081	-25.8543	-20.0606	-8.65811	-11.2627
13	-24.0599	-183.418	-24.2213	-25.7675	-20.0537	-8.74902	-11.2627
13.0909	-23.969	-152.764	-24.1345	-25.6807	-20.0468	-8.83993	-11.2627
13.1818	-23.8781	-127.823	-24.0477	-25.5939	-20.0397	-8.93084	-11.2627
13.2727	-23.7872	-107.538	-23.9609	-25.5071	-20.0325	-9.02175	-11.2627
13.3636	-23.6963	-91.0435	-23.8741	-25.4203	-20.0252	-9.11266	-11.2627
13.4545	-23.6054	-77.6381	-23.7873	-25.3334	-20.0178	-9.20357	-11.2627
13.5455	-23.5144	-66.7484	-23.7004	-25.2466	-20.0103	-9.29447	-11.2627
13.6364	-23.4235	-57.9067	-23.6136	-25.1597	-20.0027	-9.38538	-11.2627
13.7273	-23.3326	-50.7304	-23.5267	-25.0728	-19.9951	-9.47629	-11.2627
13.8182	-23.2417	-44.905	-23.4398	-24.9859	-19.9874	-9.5672	-11.2627
13.9091	-23.1508	-40.1708	-23.3529	-24.899	-19.9796	-9.65811	-11.2627
14	-23.0599	-36.3116	-23.266	-24.8121	-19.9717	-9.74902	-11.2627
14.0909	-22.969	-33.1492	-23.1791	-24.7251	-19.9638	-9.83993	-11.2627
14.1818	-22.8781	-30.5409	-23.0922	-24.6382	-19.9559	-9.93084	-11.2627
14.2727	-22.7872	-28.3787	-23.0053	-24.5512	-19.9479	-10.0217	-11.2627
14.3636	-22.6963	-26.5813	-22.9184	-24.4642	-19.9398	-10.1127	-11.2627
14.4545	-22.6054	-25.0841	-22.8315	-24.3772	-19.9317	-10.2036	-11.2627
14.5455	-22.5144	-23.834	-22.7445	-24.2902	-19.9236	-10.2945	-11.2627
14.6364	-22.4235	-22.788	-22.6576	-24.2032	-19.9155	-10.3854	-11.2627
14.7273	-22.3326	-21.9184	-22.5708	-24.1161	-19.9074	-10.4763	-11.2627
14.8182	-22.2417	-21.208	-22.4839	-24.029	-19.8992	-10.5672	-11.2627
14.9091	-22.1508	-20.6265	-22.3971	-23.942	-19.891	-10.6581	-11.2627
15	-22.0599	-20.1623	-22.3103	-23.8549	-19.8829	-10.749	-11.2627
15.0909	-21.969	-19.7921	-22.2235	-23.7678	-19.8747	-10.8399	-11.2627
15.1818	-21.8781	-19.4927	-22.1369	-23.6806	-19.8665	-10.9308	-11.2627
15.2727	-21.7872	-19.2686	-22.0503	-23.5935	-19.8583	-11.0217	-11.2627
15.3636	-21.6963	-19.11	-21.9639	-23.5063	-19.8501	-11.1127	-11.2627
15.4545	-21.6054	-18.9675	-21.8776	-23.4191	-19.8419	-11.2036	-11.2627
15.5455	-21.5144	-18.8538	-21.7914	-23.3319	-19.8337	-11.2945	-11.2627
15.6364	-21.4235	-18.7559	-21.7056	-23.2447	-19.8256	-11.3854	-11.2627
15.7273	-21.3326	-18.6647	-21.62	-23.1575	-19.8174	-11.4763	-11.2627
15.8182	-21.2417	-18.5983	-21.5347	-23.0703	-19.8093	-11.5672	-11.2627
15.9091	-21.1508	-18.5354	-21.4499	-22.983	-19.8011	-11.6581	-11.2627
16	-21.0599	-18.4813	-21.3656	-22.8958	-19.793	-11.749	-11.2627
16.0909	-20.969	-18.4372	-21.282	-22.8085	-19.7849	-11.8399	-11.2627
16.1818	-20.8781	-18.4032	-21.1992	-22.7212	-19.7769	-11.9308	-11.2627
16.2727	-20.7872	-18.3751	-21.1174	-22.6339	-19.7688	-12.0217	-11.2627
16.3636	-20.6963	-18.355	-21.0367	-22.5465	-19.7608	-12.1127	-11.2627
16.4545	-20.6054	-18.3411	-20.9573	-22.4592	-19.7528	-12.2036	-11.2627
16.5455	-20.5144	-18.3331	-20.8797	-22.3718	-19.7449	-12.2945	-11.2627
16.6364	-20.4235	-18.331	-20.804	-22.2845	-19.7369	-12.3854	-11.2627
16.7273	-20.3326	-18.333	-20.7305	-22.1971	-19.729	-12.4763	-11.2627
16.8182	-20.2417	-18.3325	-20.6598	-22.1097	-19.7212	-12.5672	-11.2627
16.9091	-20.1508	-18.298	-20.592	-22.0223	-19.7133	-12.6581	-11.2627
17	-20.0599	-18.1599	-20.5277	-21.9348	-19.7055	-12.749	-11.2627
17.0909	-19.969	-17.8985	-20.4672	-21.8474	-19.6977	-12.8399	-11.2627
17.1818	-19.8781	-17.5952	-20.4111	-21.76	-19.69	-12.9308	-11.2627
17.2727	-19.7872	-17.3185	-20.3596	-21.6725	-19.6823	-13.0217	-11.2627
17.3636	-19.6963	-17.0887	-20.3131	-21.5851	-19.6746	-13.1127	-11.2627
17.4545	-19.6054	-16.9049	-20.272	-21.4976	-19.667	-13.2036	-11.2627
17.5455	-19.5144	-16.7602	-20.2366	-21.4101	-19.6594	-13.2945	-11.2627
17.6364	-19.4235	-16.6472	-20.2071	-21.3227	-19.6518	-13.3854	-11.2627
17.7273	-19.3326	-16.5597	-20.1836	-21.2352	-19.6443	-13.4763	-11.2627
17.8182	-19.2417	-16.492	-20.1664	-21.1477	-19.6368	-13.5672	-11.2627
17.9091	-19.1508	-16.4401	-20.1554	-21.0603	-19.6293	-13.6581	-11.2627
18	-19.0599	-16.4008	-20.1506	-20.9729	-19.6219	-13.749	-11.2627
