6	0	44.7759
6.20408	0	45.1819
6.40816	0	45.2827
6.61224	0	45.1926
6.81633	0	44.9833
7.02041	0	44.6994
7.22449	0	44.3689
7.42857	0	44.0093
7.63265	0	43.6315
7.83673	0	43.2423
8.04082	0	42.846
8.2449	0	42.4452
8.44898	0	42.0417
8.65306	0	41.6364
8.85714	0	41.23
9.06122	0	40.8229
9.26531	0	40.4154
9.46939	0	40.0076
9.67347	0	39.5995
9.87755	0	39.1913
10.0816	0	38.7828
10.2857	0	38.374
10.4898	0	37.9647
10.6939	0	37.5547
10.898	0	37.1437
11.102	0	36.7309
11.3061	0	36.3153
11.5102	0	35.8952
11.7143	0	35.4679
11.9184	0	35.0293
12.1224	0	34.5723
12.3265	0	34.086
12.5306	0	33.5529
12.7347	0	32.9448
12.9388	0	32.2168
13.1429	0	31.2969
13.3469	0	30.07
13.551	0	28.352
13.7551	0	25.8484
13.9592	0	22.0877
14.1633	0	16.316
14.3673	0	7.32696
14.5714	0	-6.80942
14.7755	0	-29.1808
14.9796	0	-64.727
15.1837	0	-121.351
15.3878	0	-211.697
15.5918	0	0
15.7959	0	0
16	0	0
6	0.0712523	44.9184
6.20408	0.0712523	45.3244
6.40816	0.0712523	45.4252
6.61224	0.0712523	45.3351
6.81633	0.0712523	45.1258
7.02041	0.0712523	44.8419
7.22449	0.0712523	44.5114
7.42857	0.0712523	44.1518
7.63265	0.0712523	43.774
7.83673	0.0712523	43.3848
8.04082	0.0712523	42.9885
8.2449	0.0712523	42.5877
8.44898	0.0712523	42.1842
8.65306	0.0712523	41.7789
8.85714	0.0712523	41.3725
9.06122	0.0712523	40.9655
9.26531	0.0712523	40.5579
9.46939	0.0712523	40.1501
9.67347	0.0712523	39.742
9.87755	0.0712523	39.3338
10.0816	0.0712523	38.9253
10.2857	0.0712523	38.5165
10.4898	0.0712523	38.1072
10.6939	0.0712523	37.6972
10.898	0.0712523	37.2862
11.102	0.0712523	36.8734
11.3061	0.0712523	36.4578
11.5102	0.0712523	36.0377
11.7143	0.0712523	35.6105
11.9184	0.0712523	35.1718
12.1224	0.0712523	34.7148
12.3265	0.0712523	34.2285
12.5306	0.0712523	33.6954
12.7347	0.0712523	33.0873
12.9388	0.0712523	32.3593
13.1429	0.0712523	31.4394
13.3469	0.0712523	30.2125
13.551	0.0712523	28.4945
13.7551	0.0712523	25.9909
13.9592	0.0712523	22.2302
14.1633	0.0712523	16.4585
14.3673	0.0712523	7.46946
14.5714	0.0712523	-6.66691
14.7755	0.0712523	-29.0383
14.9796	0.0712523	-64.5845
15.1837	0.0712523	-121.208
15.3878	0.0712523	-211.554
15.5918	0.0712523	0
15.7959	0.0712523	0
16	0.0712523	0
6	0.142505	45.0609
6.20408	0.142505	45.467
6.40816	0.142505	45.5677
6.61224	0.142505	45.4776
6.81633	0.142505	45.2683
7.02041	0.142505	44.9844
7.22449	0.142505	44.6539
7.42857	0.142505	44.2943
7.63265	0.142505	43.9165
7.83673	0.142505	43.5273
8.04082	0.142505	43.131
8.2449	0.142505	42.7302
8.44898	0.142505	42.3267
8.65306	0.142505	41.9214
8.85714	0.142505	41.515
9.06122	0.142505	41.108
9.26531	0.142505	40.7004
9.46939	0.142505	40.2926
9.67347	0.142505	39.8845
9.87755	0.142505	39.4763
10.0816	0.142505	39.0678
10.2857	0.142505	38.659
10.4898	0.142505	38.2497
10.6939	0.142505	37.8398
10.898	0.142505	37.4287
11.102	0.142505	37.0159
11.3061	0.142505	36.6003
11.5102	0.142505	36.1802
11.7143	0.142505	35.753
11.9184	0.142505	35.3143
12.1224	0.142505	34.8573
12.3265	0.142505	34.371
12.5306	0.142505	33.8379
12.7347	0.142505	33.2298
12.9388	0.142505	32.5018
13.1429	0.142505	31.5819
13.3469	0.142505	30.355
13.551	0.142505	28.637
13.7551	0.142505	26.1334
13.9592	0.142505	22.3727
14.1633	0.142505	16.601
14.3673	0.142505	7.61197
14.5714	0.142505	-6.52441
14.7755	0.142505	-28.8958
14.9796	0.142505	-64.442
15.1837	0.142505	-121.066
15.3878	0.142505	-211.412
15.5918	0.142505	0
15.7959	0.142505	0
16	0.142505	0
6	0.213757	45.2034
6.20408	0.213757	45.6095
6.40816	0.213757	45.7102
6.61224	0.213757	45.6201
6.81633	0.213757	45.4108
7.02041	0.213757	45.1269
7.22449	0.213757	44.7964
7.42857	0.213757	44.4368
7.63265	0.213757	44.059
7.83673	0.213757	43.6698
8.04082	0.213757	43.2735
8.2449	0.213757	42.8727
8.44898	0.213757	42.4692
8.65306	0.213757	42.0639
8.85714	0.213757	41.6575
9.06122	0.213757	41.2505
9.26531	0.213757	40.8429
9.46939	0.213757	40.4351
9.67347	0.213757	40.027
9.87755	0.213757	39.6188
10.0816	0.213757	39.2103
10.2857	0.213757	38.8015
10.4898	0.213757	38.3922
10.6939	0.213757	37.9823
10.898	0.213757	37.5712
11.102	0.213757	37.1584
11.3061	0.213757	36.7428
11.5102	0.213757	36.3227
11.7143	0.213757	35.8955
11.9184	0.213757	35.4568
12.1224	0.213757	34.9998
12.3265	0.213757	34.5135
12.5306	0.213757	33.9804
12.7347	0.213757	33.3723
12.9388	0.213757	32.6443
13.1429	0.213757	31.7244
13.3469	0.213757	30.4975
13.551	0.213757	28.7795
13.7551	0.213757	26.2759
13.9592	0.213757	22.5152
14.1633	0.213757	16.7435
14.3673	0.213757	7.75447
14.5714	0.213757	-6.3819
14.7755	0.213757	-28.7533
14.9796	0.213757	-64.2995
15.1837	0.213757	-120.923
15.3878	0.213757	-211.269
15.5918	0.213757	0
15.7959	0.213757	0
16	0.213757	0
6	0.285009	45.3459
6.20408	0.285009	45.752
6.40816	0.285009	45.8527
6.61224	0.285009	45.7626
6.81633	0.285009	45.5533
7.02041	0.285009	45.2694
7.22449	0.285009	44.9389
7.42857	0.285009	44.5793
7.63265	0.285009	44.2015
7.83673	0.285009	43.8123
8.04082	0.285009	43.416
8.2449	0.285009	43.0152
8.44898	0.285009	42.6117
8.65306	0.285009	42.2064
8.85714	0.285009	41.8
9.06122	0.285009	41.393
9.26531	0.285009	40.9854
9.46939	0.285009	40.5776
9.67347	0.285009	40.1696
9.87755	0.285009	39.7613
10.0816	0.285009	39.3528
10.2857	0.285009	38.944
10.4898	0.285009	38.5347
10.6939	0.285009	38.1248
10.898	0.285009	37.7137
11.102	0.285009	37.3009
11.3061	0.285009	36.8853
11.5102	0.285009	36.4652
11.7143	0.285009	36.038
11.9184	0.285009	35.5993
12.1224	0.285009	35.1423
12.3265	0.285009	34.656
12.5306	0.285009	34.1229
12.7347	0.285009	33.5148
12.9388	0.285009	32.7868
13.1429	0.285009	31.8669
13.3469	0.285009	30.64
13.551	0.285009	28.9221
13.7551	0.285009	26.4184
13.9592	0.285009	22.6577
14.1633	0.285009	16.886
14.3673	0.285009	7.89698
14.5714	0.285009	-6.2394
14.7755	0.285009	-28.6108
14.9796	0.285009	-64.1569
15.1837	0.285009	-120.781
15.3878	0.285009	-211.127
15.5918	0.285009	0
15.7959	0.285009	0
16	0.285009	0
6	0.356261	45.4884
6.20408	0.356261	45.8945
6.40816	0.356261	45.9952
6.61224	0.356261	45.9051
6.81633	0.356261	45.6958
7.02041	0.356261	45.4119
7.22449	0.356261	45.0814
7.42857	0.356261	44.7218
7.63265	0.356261	44.344
7.83673	0.356261	43.9548
8.04082	0.356261	43.5585
8.2449	0.356261	43.1578
8.44898	0.356261	42.7542
8.65306	0.356261	42.3489
8.85714	0.356261	41.9425
9.06122	0.356261	41.5355
9.26531	0.356261	41.1279
9.46939	0.356261	40.7201
9.67347	0.356261	40.3121
9.87755	0.356261	39.9038
10.0816	0.356261	39.4953
10.2857	0.356261	39.0865
10.4898	0.356261	38.6772
10.6939	0.356261	38.2673
10.898	0.356261	37.8562
11.102	0.356261	37.4434
11.3061	0.356261	37.0278
11.5102	0.356261	36.6077
11.7143	0.356261	36.1805
11.9184	0.356261	35.7418
12.1224	0.356261	35.2848
12.3265	0.356261	34.7985
12.5306	0.356261	34.2654
12.7347	0.356261	33.6573
12.9388	0.356261	32.9293
13.1429	0.356261	32.0094
13.3469	0.356261	30.7825
13.551	0.356261	29.0646
13.7551	0.356261	26.5609
13.9592	0.356261	22.8002
14.1633	0.356261	17.0285
14.3673	0.356261	8.03948
14.5714	0.356261	-6.09689
14.7755	0.356261	-28.4683
14.9796	0.356261	-64.0144
15.1837	0.356261	-120.638
15.3878	0.356261	-210.984
15.5918	0.356261	0
15.7959	0.356261	0
16	0.356261	0
6	0.427514	45.631
6.20408	0.427514	46.037
6.40816	0.427514	46.1377
6.61224	0.427514	46.0476
6.81633	0.427514	45.8383
7.02041	0.427514	45.5544
7.22449	0.427514	45.2239
7.42857	0.427514	44.8643
7.63265	0.427514	44.4865
7.83673	0.427514	44.0973
8.04082	0.427514	43.701
8.2449	0.427514	43.3003
8.44898	0.427514	42.8967
8.65306	0.427514	42.4914
8.85714	0.427514	42.0851
9.06122	0.427514	41.678
9.26531	0.427514	41.2705
9.46939	0.427514	40.8626
9.67347	0.427514	40.4546
9.87755	0.427514	40.0463
10.0816	0.427514	39.6378
10.2857	0.427514	39.229
10.4898	0.427514	38.8197
10.6939	0.427514	38.4098
10.898	0.427514	37.9987
11.102	0.427514	37.5859
11.3061	0.427514	37.1703
11.5102	0.427514	36.7502
11.7143	0.427514	36.323
11.9184	0.427514	35.8843
12.1224	0.427514	35.4273
12.3265	0.427514	34.941
12.5306	0.427514	34.4079
12.7347	0.427514	33.7998
12.9388	0.427514	33.0718
13.1429	0.427514	32.1519
13.3469	0.427514	30.925
13.551	0.427514	29.2071
13.7551	0.427514	26.7034
13.9592	0.427514	22.9427
14.1633	0.427514	17.171
14.3673	0.427514	8.18199
14.5714	0.427514	-5.95439
14.7755	0.427514	-28.3258
14.9796	0.427514	-63.8719
15.1837	0.427514	-120.496
15.3878	0.427514	-210.842
15.5918	0.427514	0
15.7959	0.427514	0
16	0.427514	0
6	0.498766	45.7735
6.20408	0.498766	46.1795
6.40816	0.498766	46.2802
6.61224	0.498766	46.1902
6.81633	0.498766	45.9808
7.02041	0.498766	45.6969
7.22449	0.498766	45.3664
7.42857	0.498766	45.0068
7.63265	0.498766	44.629
7.83673	0.498766	44.2398
8.04082	0.498766	43.8435
8.2449	0.498766	43.4428
8.44898	0.498766	43.0392
8.65306	0.498766	42.6339
8.85714	0.498766	42.2276
9.06122	0.498766	41.8205
9.26531	0.498766	41.413
9.46939	0.498766	41.0051
9.67347	0.498766	40.5971
9.87755	0.498766	40.1888
10.0816	0.498766	39.7803
10.2857	0.498766	39.3715
10.4898	0.498766	38.9622
10.6939	0.498766	38.5523
10.898	0.498766	38.1412
11.102	0.498766	37.7284
11.3061	0.498766	37.3128
11.5102	0.498766	36.8927
11.7143	0.498766	36.4655
11.9184	0.498766	36.0268
12.1224	0.498766	35.5698
12.3265	0.498766	35.0835
12.5306	0.498766	34.5504
12.7347	0.498766	33.9423
12.9388	0.498766	33.2143
13.1429	0.498766	32.2944
13.3469	0.498766	31.0675
13.551	0.498766	29.3496
13.7551	0.498766	26.8459
13.9592	0.498766	23.0852
14.1633	0.498766	17.3135
14.3673	0.498766	8.32449
14.5714	0.498766	-5.81189
14.7755	0.498766	-28.1833
14.9796	0.498766	-63.7294
15.1837	0.498766	-120.353
15.3878	0.498766	-210.699
15.5918	0.498766	0
15.7959	0.498766	0
16	0.498766	0
6	0.570018	45.916
6.20408	0.570018	46.322
6.40816	0.570018	46.4227
6.61224	0.570018	46.3327
6.81633	0.570018	46.1233
7.02041	0.570018	45.8394
7.22449	0.570018	45.509
7.42857	0.570018	45.1493
7.63265	0.570018	44.7715
7.83673	0.570018	44.3823
8.04082	0.570018	43.986
8.2449	0.570018	43.5853
8.44898	0.570018	43.1817
8.65306	0.570018	42.7764
8.85714	0.570018	42.3701
9.06122	0.570018	41.963
9.26531	0.570018	41.5555
9.46939	0.570018	41.1476
9.67347	0.570018	40.7396
9.87755	0.570018	40.3313
10.0816	0.570018	39.9228
10.2857	0.570018	39.514
10.4898	0.570018	39.1047
10.6939	0.570018	38.6948
10.898	0.570018	38.2837
11.102	0.570018	37.8709
11.3061	0.570018	37.4553
11.5102	0.570018	37.0352
11.7143	0.570018	36.608
11.9184	0.570018	36.1693
12.1224	0.570018	35.7123
12.3265	0.570018	35.226
12.5306	0.570018	34.6929
12.7347	0.570018	34.0848
12.9388	0.570018	33.3568
13.1429	0.570018	32.4369
13.3469	0.570018	31.21
13.551	0.570018	29.4921
13.7551	0.570018	26.9884
13.9592	0.570018	23.2277
14.1633	0.570018	17.4561
14.3673	0.570018	8.467
14.5714	0.570018	-5.66938
14.7755	0.570018	-28.0407
14.9796	0.570018	-63.5869
15.1837	0.570018	-120.211
15.3878	0.570018	-210.557
15.5918	0.570018	0
15.7959	0.570018	0
16	0.570018	0
6	0.641271	46.0585
6.20408	0.641271	46.4645
6.40816	0.641271	46.5652
6.61224	0.641271	46.4752
6.81633	0.641271	46.2658
7.02041	0.641271	45.9819
7.22449	0.641271	45.6515
7.42857	0.641271	45.2918
7.63265	0.641271	44.914
7.83673	0.641271	44.5248
8.04082	0.641271	44.1285
8.2449	0.641271	43.7278
8.44898	0.641271	43.3242
8.65306	0.641271	42.9189
8.85714	0.641271	42.5126
9.06122	0.641271	42.1055
9.26531	0.641271	41.698
9.46939	0.641271	41.2901
9.67347	0.641271	40.8821
9.87755	0.641271	40.4738
10.0816	0.641271	40.0653
10.2857	0.641271	39.6565
10.4898	0.641271	39.2472
10.6939	0.641271	38.8373
10.898	0.641271	38.4262
11.102	0.641271	38.0134
11.3061	0.641271	37.5978
11.5102	0.641271	37.1777
11.7143	0.641271	36.7505
11.9184	0.641271	36.3118
12.1224	0.641271	35.8548
12.3265	0.641271	35.3685
12.5306	0.641271	34.8354
12.7347	0.641271	34.2273
12.9388	0.641271	33.4993
13.1429	0.641271	32.5794
13.3469	0.641271	31.3525
13.551	0.641271	29.6346
13.7551	0.641271	27.1309
13.9592	0.641271	23.3702
14.1633	0.641271	17.5986
14.3673	0.641271	8.6095
14.5714	0.641271	-5.52688
14.7755	0.641271	-27.8982
14.9796	0.641271	-63.4444
15.1837	0.641271	-120.068
15.3878	0.641271	-210.414
15.5918	0.641271	0
15.7959	0.641271	0
16	0.641271	0
6	0.712523	46.201
6.20408	0.712523	46.607
6.40816	0.712523	46.7077
6.61224	0.712523	46.6177
6.81633	0.712523	46.4083
7.02041	0.712523	46.1244
7.22449	0.712523	45.794
7.42857	0.712523	45.4344
7.63265	0.712523	45.0565
7.83673	0.712523	44.6673
8.04082	0.712523	44.271
8.2449	0.712523	43.8703
8.44898	0.712523	43.4667
8.65306	0.712523	43.0614
8.85714	0.712523	42.6551
9.06122	0.712523	42.248
9.26531	0.712523	41.8405
9.46939	0.712523	41.4326
9.67347	0.712523	41.0246
9.87755	0.712523	40.6163
10.0816	0.712523	40.2078
10.2857	0.712523	39.799
10.4898	0.712523	39.3897
10.6939	0.712523	38.9798
10.898	0.712523	38.5687
11.102	0.712523	38.1559
11.3061	0.712523	37.7403
11.5102	0.712523	37.3202
11.7143	0.712523	36.893
11.9184	0.712523	36.4543
12.1224	0.712523	35.9973
12.3265	0.712523	35.5111
12.5306	0.712523	34.9779
12.7347	0.712523	34.3698
12.9388	0.712523	33.6418
13.1429	0.712523	32.7219
13.3469	0.712523	31.495
13.551	0.712523	29.7771
13.7551	0.712523	27.2734
13.9592	0.712523	23.5128
14.1633	0.712523	17.7411
14.3673	0.712523	8.752
14.5714	0.712523	-5.38437
14.7755	0.712523	-27.7557
14.9796	0.712523	-63.3019
15.1837	0.712523	-119.926
15.3878	0.712523	-210.272
15.5918	0.712523	0
15.7959	0.712523	0
16	0.712523	0
6	0.783775	46.3435
6.20408	0.783775	46.7495
6.40816	0.783775	46.8502
6.61224	0.783775	46.7602
6.81633	0.783775	46.5508
7.02041	0.783775	46.267
7.22449	0.783775	45.9365
7.42857	0.783775	45.5769
7.63265	0.783775	45.199
7.83673	0.783775	44.8098
8.04082	0.783775	44.4135
8.2449	0.783775	44.0128
8.44898	0.783775	43.6092
8.65306	0.783775	43.204
8.85714	0.783775	42.7976
9.06122	0.783775	42.3905
9.26531	0.783775	41.983
9.46939	0.783775	41.5751
9.67347	0.783775	41.1671
9.87755	0.783775	40.7588
10.0816	0.783775	40.3503
10.2857	0.783775	39.9415
10.4898	0.783775	39.5323
10.6939	0.783775	39.1223
10.898	0.783775	38.7112
11.102	0.783775	38.2984
11.3061	0.783775	37.8828
11.5102	0.783775	37.4627
11.7143	0.783775	37.0355
11.9184	0.783775	36.5968
12.1224	0.783775	36.1398
12.3265	0.783775	35.6536
12.5306	0.783775	35.1204
12.7347	0.783775	34.5123
12.9388	0.783775	33.7843
13.1429	0.783775	32.8644
13.3469	0.783775	31.6376
13.551	0.783775	29.9196
13.7551	0.783775	27.4159
13.9592	0.783775	23.6553
14.1633	0.783775	17.8836
14.3673	0.783775	8.89451
14.5714	0.783775	-5.24187
14.7755	0.783775	-27.6132
14.9796	0.783775	-63.1594
15.1837	0.783775	-119.783
15.3878	0.783775	-210.129
15.5918	0.783775	0
15.7959	0.783775	0
16	0.783775	0
6	0.855027	46.486
6.20408	0.855027	46.892
6.40816	0.855027	46.9927
6.61224	0.855027	46.9027
6.81633	0.855027	46.6933
7.02041	0.855027	46.4095
7.22449	0.855027	46.079
7.42857	0.855027	45.7194
7.63265	0.855027	45.3415
7.83673	0.855027	44.9524
8.04082	0.855027	44.556
8.2449	0.855027	44.1553
8.44898	0.855027	43.7517
8.65306	0.855027	43.3465
8.85714	0.855027	42.9401
9.06122	0.855027	42.533
9.26531	0.855027	42.1255
9.46939	0.855027	41.7177
9.67347	0.855027	41.3096
9.87755	0.855027	40.9013
10.0816	0.855027	40.4928
10.2857	0.855027	40.084
10.4898	0.855027	39.6748
10.6939	0.855027	39.2648
10.898	0.855027	38.8537
11.102	0.855027	38.4409
11.3061	0.855027	38.0253
11.5102	0.855027	37.6052
11.7143	0.855027	37.178
11.9184	0.855027	36.7393
12.1224	0.855027	36.2823
12.3265	0.855027	35.7961
12.5306	0.855027	35.2629
12.7347	0.855027	34.6548
12.9388	0.855027	33.9268
13.1429	0.855027	33.0069
13.3469	0.855027	31.7801
13.551	0.855027	30.0621
13.7551	0.855027	27.5584
13.9592	0.855027	23.7978
14.1633	0.855027	18.0261
14.3673	0.855027	9.03701
14.5714	0.855027	-5.09936
14.7755	0.855027	-27.4707
14.9796	0.855027	-63.0169
15.1837	0.855027	-119.641
15.3878	0.855027	-209.987
15.5918	0.855027	0
15.7959	0.855027	0
16	0.855027	0
6	0.92628	46.6285
6.20408	0.92628	47.0345
6.40816	0.92628	47.1352
6.61224	0.92628	47.0452
6.81633	0.92628	46.8358
7.02041	0.92628	46.552
7.22449	0.92628	46.2215
7.42857	0.92628	45.8619
7.63265	0.92628	45.4841
7.83673	0.92628	45.0949
8.04082	0.92628	44.6985
8.2449	0.92628	44.2978
8.44898	0.92628	43.8942
8.65306	0.92628	43.489
8.85714	0.92628	43.0826
9.06122	0.92628	42.6755
9.26531	0.92628	42.268
9.46939	0.92628	41.8602
9.67347	0.92628	41.4521
9.87755	0.92628	41.0438
10.0816	0.92628	40.6353
10.2857	0.92628	40.2265
10.4898	0.92628	39.8173
10.6939	0.92628	39.4073
10.898	0.92628	38.9962
11.102	0.92628	38.5834
11.3061	0.92628	38.1678
11.5102	0.92628	37.7477
11.7143	0.92628	37.3205
11.9184	0.92628	36.8818
12.1224	0.92628	36.4248
12.3265	0.92628	35.9386
12.5306	0.92628	35.4054
12.7347	0.92628	34.7973
12.9388	0.92628	34.0693
13.1429	0.92628	33.1494
13.3469	0.92628	31.9226
13.551	0.92628	30.2046
13.7551	0.92628	27.7009
13.9592	0.92628	23.9403
14.1633	0.92628	18.1686
14.3673	0.92628	9.17952
14.5714	0.92628	-4.95686
14.7755	0.92628	-27.3282
14.9796	0.92628	-62.8744
15.1837	0.92628	-119.498
15.3878	0.92628	-209.844
15.5918	0.92628	0
15.7959	0.92628	0
16	0.92628	0
6	0.997532	46.771
6.20408	0.997532	47.177
6.40816	0.997532	47.2778
6.61224	0.997532	47.1877
6.81633	0.997532	46.9784
7.02041	0.997532	46.6945
7.22449	0.997532	46.364
7.42857	0.997532	46.0044
7.63265	0.997532	45.6266
7.83673	0.997532	45.2374
8.04082	0.997532	44.8411
8.2449	0.997532	44.4403
8.44898	0.997532	44.0368
8.65306	0.997532	43.6315
8.85714	0.997532	43.2251
9.06122	0.997532	42.818
9.26531	0.997532	42.4105
9.46939	0.997532	42.0027
9.67347	0.997532	41.5946
9.87755	0.997532	41.1863
10.0816	0.997532	40.7778
10.2857	0.997532	40.369
10.4898	0.997532	39.9598
10.6939	0.997532	39.5498
10.898	0.997532	39.1387
11.102	0.997532	38.7259
11.3061	0.997532	38.3103
11.5102	0.997532	37.8902
11.7143	0.997532	37.463
11.9184	0.997532	37.0243
12.1224	0.997532	36.5673
12.3265	0.997532	36.0811
12.5306	0.997532	35.5479
12.7347	0.997532	34.9398
12.9388	0.997532	34.2118
13.1429	0.997532	33.2919
13.3469	0.997532	32.0651
13.551	0.997532	30.3471
13.7551	0.997532	27.8434
13.9592	0.997532	24.0828
14.1633	0.997532	18.3111
14.3673	0.997532	9.32202
14.5714	0.997532	-4.81435
14.7755	0.997532	-27.1857
14.9796	0.997532	-62.7319
15.1837	0.997532	-119.356
15.3878	0.997532	-209.702
15.5918	0.997532	0
15.7959	0.997532	0
16	0.997532	0
6	1.06878	46.9135
6.20408	1.06878	47.3195
6.40816	1.06878	47.4203
6.61224	1.06878	47.3302
6.81633	1.06878	47.1209
7.02041	1.06878	46.837
7.22449	1.06878	46.5065
7.42857	1.06878	46.1469
7.63265	1.06878	45.7691
7.83673	1.06878	45.3799
8.04082	1.06878	44.9836
8.2449	1.06878	44.5828
8.44898	1.06878	44.1793
8.65306	1.06878	43.774
8.85714	1.06878	43.3676
9.06122	1.06878	42.9605
9.26531	1.06878	42.553
9.46939	1.06878	42.1452
9.67347	1.06878	41.7371
9.87755	1.06878	41.3288
10.0816	1.06878	40.9203
10.2857	1.06878	40.5115
10.4898	1.06878	40.1023
10.6939	1.06878	39.6923
10.898	1.06878	39.2813
11.102	1.06878	38.8684
11.3061	1.06878	38.4528
11.5102	1.06878	38.0328
11.7143	1.06878	37.6055
11.9184	1.06878	37.1668
12.1224	1.06878	36.7098
12.3265	1.06878	36.2236
12.5306	1.06878	35.6904
12.7347	1.06878	35.0824
12.9388	1.06878	34.3543
13.1429	1.06878	33.4344
13.3469	1.06878	32.2076
13.551	1.06878	30.4896
13.7551	1.06878	27.9859
13.9592	1.06878	24.2253
14.1633	1.06878	18.4536
14.3673	1.06878	9.46453
14.5714	1.06878	-4.67185
14.7755	1.06878	-27.0432
14.9796	1.06878	-62.5894
15.1837	1.06878	-119.213
15.3878	1.06878	-209.559
15.5918	1.06878	0
15.7959	1.06878	0
16	1.06878	0
6	1.14004	47.056
6.20408	1.14004	47.462
6.40816	1.14004	47.5628
6.61224	1.14004	47.4727
6.81633	1.14004	47.2634
7.02041	1.14004	46.9795
7.22449	1.14004	46.649
7.42857	1.14004	46.2894
7.63265	1.14004	45.9116
7.83673	1.14004	45.5224
8.04082	1.14004	45.1261
8.2449	1.14004	44.7253
8.44898	1.14004	44.3218
8.65306	1.14004	43.9165
8.85714	1.14004	43.5101
9.06122	1.14004	43.103
9.26531	1.14004	42.6955
9.46939	1.14004	42.2877
9.67347	1.14004	41.8796
9.87755	1.14004	41.4713
10.0816	1.14004	41.0628
10.2857	1.14004	40.654
10.4898	1.14004	40.2448
10.6939	1.14004	39.8348
10.898	1.14004	39.4238
11.102	1.14004	39.0109
11.3061	1.14004	38.5953
11.5102	1.14004	38.1753
11.7143	1.14004	37.748
11.9184	1.14004	37.3093
12.1224	1.14004	36.8524
12.3265	1.14004	36.3661
12.5306	1.14004	35.8329
12.7347	1.14004	35.2249
12.9388	1.14004	34.4968
13.1429	1.14004	33.5769
13.3469	1.14004	32.3501
13.551	1.14004	30.6321
13.7551	1.14004	28.1284
13.9592	1.14004	24.3678
14.1633	1.14004	18.5961
14.3673	1.14004	9.60703
14.5714	1.14004	-4.52934
14.7755	1.14004	-26.9007
14.9796	1.14004	-62.4469
15.1837	1.14004	-119.071
15.3878	1.14004	-209.417
15.5918	1.14004	0
15.7959	1.14004	0
16	1.14004	0
6	1.21129	47.1985
6.20408	1.21129	47.6045
6.40816	1.21129	47.7053
6.61224	1.21129	47.6152
6.81633	1.21129	47.4059
7.02041	1.21129	47.122
7.22449	1.21129	46.7915
7.42857	1.21129	46.4319
7.63265	1.21129	46.0541
7.83673	1.21129	45.6649
8.04082	1.21129	45.2686
8.2449	1.21129	44.8678
8.44898	1.21129	44.4643
8.65306	1.21129	44.059
8.85714	1.21129	43.6526
9.06122	1.21129	43.2455
9.26531	1.21129	42.838
9.46939	1.21129	42.4302
9.67347	1.21129	42.0221
9.87755	1.21129	41.6138
10.0816	1.21129	41.2053
10.2857	1.21129	40.7965
10.4898	1.21129	40.3873
10.6939	1.21129	39.9773
10.898	1.21129	39.5663
11.102	1.21129	39.1535
11.3061	1.21129	38.7378
11.5102	1.21129	38.3178
11.7143	1.21129	37.8905
11.9184	1.21129	37.4518
12.1224	1.21129	36.9949
12.3265	1.21129	36.5086
12.5306	1.21129	35.9755
12.7347	1.21129	35.3674
12.9388	1.21129	34.6393
13.1429	1.21129	33.7194
13.3469	1.21129	32.4926
13.551	1.21129	30.7746
13.7551	1.21129	28.271
13.9592	1.21129	24.5103
14.1633	1.21129	18.7386
14.3673	1.21129	9.74954
14.5714	1.21129	-4.38684
14.7755	1.21129	-26.7582
14.9796	1.21129	-62.3044
15.1837	1.21129	-118.928
15.3878	1.21129	-209.274
15.5918	1.21129	0
15.7959	1.21129	0
16	1.21129	0
6	1.28254	47.341
6.20408	1.28254	47.747
6.40816	1.28254	47.8478
6.61224	1.28254	47.7577
6.81633	1.28254	47.5484
7.02041	1.28254	47.2645
7.22449	1.28254	46.934
7.42857	1.28254	46.5744
7.63265	1.28254	46.1966
7.83673	1.28254	45.8074
8.04082	1.28254	45.4111
8.2449	1.28254	45.0103
8.44898	1.28254	44.6068
8.65306	1.28254	44.2015
8.85714	1.28254	43.7951
9.06122	1.28254	43.388
9.26531	1.28254	42.9805
9.46939	1.28254	42.5727
9.67347	1.28254	42.1646
9.87755	1.28254	41.7563
10.0816	1.28254	41.3478
10.2857	1.28254	40.939
10.4898	1.28254	40.5298
10.6939	1.28254	40.1198
10.898	1.28254	39.7088
11.102	1.28254	39.296
11.3061	1.28254	38.8803
11.5102	1.28254	38.4603
11.7143	1.28254	38.033
11.9184	1.28254	37.5943
12.1224	1.28254	37.1374
12.3265	1.28254	36.6511
12.5306	1.28254	36.118
12.7347	1.28254	35.5099
12.9388	1.28254	34.7818
13.1429	1.28254	33.8619
13.3469	1.28254	32.6351
13.551	1.28254	30.9171
13.7551	1.28254	28.4135
13.9592	1.28254	24.6528
14.1633	1.28254	18.8811
14.3673	1.28254	9.89204
14.5714	1.28254	-4.24434
14.7755	1.28254	-26.6157
14.9796	1.28254	-62.1619
15.1837	1.28254	-118.786
15.3878	1.28254	-209.132
15.5918	1.28254	0
15.7959	1.28254	0
16	1.28254	0
6	1.35379	47.4835
6.20408	1.35379	47.8895
6.40816	1.35379	47.9903
6.61224	1.35379	47.9002
6.81633	1.35379	47.6909
7.02041	1.35379	47.407
7.22449	1.35379	47.0765
7.42857	1.35379	46.7169
7.63265	1.35379	46.3391
7.83673	1.35379	45.9499
8.04082	1.35379	45.5536
8.2449	1.35379	45.1528
8.44898	1.35379	44.7493
8.65306	1.35379	44.344
8.85714	1.35379	43.9376
9.06122	1.35379	43.5305
9.26531	1.35379	43.123
9.46939	1.35379	42.7152
9.67347	1.35379	42.3071
9.87755	1.35379	41.8989
10.0816	1.35379	41.4904
10.2857	1.35379	41.0815
10.4898	1.35379	40.6723
10.6939	1.35379	40.2623
10.898	1.35379	39.8513
11.102	1.35379	39.4385
11.3061	1.35379	39.0229
11.5102	1.35379	38.6028
11.7143	1.35379	38.1755
11.9184	1.35379	37.7369
12.1224	1.35379	37.2799
12.3265	1.35379	36.7936
12.5306	1.35379	36.2605
12.7347	1.35379	35.6524
12.9388	1.35379	34.9243
13.1429	1.35379	34.0045
13.3469	1.35379	32.7776
13.551	1.35379	31.0596
13.7551	1.35379	28.556
13.9592	1.35379	24.7953
14.1633	1.35379	19.0236
14.3673	1.35379	10.0345
14.5714	1.35379	-4.10183
14.7755	1.35379	-26.4732
14.9796	1.35379	-62.0194
15.1837	1.35379	-118.643
15.3878	1.35379	-208.989
15.5918	1.35379	0
15.7959	1.35379	0
16	1.35379	0
6	1.42505	47.626
6.20408	1.42505	48.032
6.40816	1.42505	48.1328
6.61224	1.42505	48.0427
6.81633	1.42505	47.8334
7.02041	1.42505	47.5495
7.22449	1.42505	47.219
7.42857	1.42505	46.8594
7.63265	1.42505	46.4816
7.83673	1.42505	46.0924
8.04082	1.42505	45.6961
8.2449	1.42505	45.2953
8.44898	1.42505	44.8918
8.65306	1.42505	44.4865
8.85714	1.42505	44.0801
9.06122	1.42505	43.673
9.26531	1.42505	43.2655
9.46939	1.42505	42.8577
9.67347	1.42505	42.4496
9.87755	1.42505	42.0414
10.0816	1.42505	41.6329
10.2857	1.42505	41.2241
10.4898	1.42505	40.8148
10.6939	1.42505	40.4048
10.898	1.42505	39.9938
11.102	1.42505	39.581
11.3061	1.42505	39.1654
11.5102	1.42505	38.7453
11.7143	1.42505	38.318
11.9184	1.42505	37.8794
12.1224	1.42505	37.4224
12.3265	1.42505	36.9361
12.5306	1.42505	36.403
12.7347	1.42505	35.7949
12.9388	1.42505	35.0668
13.1429	1.42505	34.147
13.3469	1.42505	32.9201
13.551	1.42505	31.2021
13.7551	1.42505	28.6985
13.9592	1.42505	24.9378
14.1633	1.42505	19.1661
14.3673	1.42505	10.1771
14.5714	1.42505	-3.95933
14.7755	1.42505	-26.3307
14.9796	1.42505	-61.8769
15.1837	1.42505	-118.501
15.3878	1.42505	-208.847
15.5918	1.42505	0
15.7959	1.42505	0
16	1.42505	0
6	1.4963	47.7685
6.20408	1.4963	48.1745
6.40816	1.4963	48.2753
6.61224	1.4963	48.1852
6.81633	1.4963	47.9759
7.02041	1.4963	47.692
7.22449	1.4963	47.3615
7.42857	1.4963	47.0019
7.63265	1.4963	46.6241
7.83673	1.4963	46.2349
8.04082	1.4963	45.8386
8.2449	1.4963	45.4378
8.44898	1.4963	45.0343
8.65306	1.4963	44.629
8.85714	1.4963	44.2226
9.06122	1.4963	43.8155
9.26531	1.4963	43.408
9.46939	1.4963	43.0002
9.67347	1.4963	42.5921
9.87755	1.4963	42.1839
10.0816	1.4963	41.7754
10.2857	1.4963	41.3666
10.4898	1.4963	40.9573
10.6939	1.4963	40.5473
10.898	1.4963	40.1363
11.102	1.4963	39.7235
11.3061	1.4963	39.3079
11.5102	1.4963	38.8878
11.7143	1.4963	38.4605
11.9184	1.4963	38.0219
12.1224	1.4963	37.5649
12.3265	1.4963	37.0786
12.5306	1.4963	36.5455
12.7347	1.4963	35.9374
12.9388	1.4963	35.2094
13.1429	1.4963	34.2895
13.3469	1.4963	33.0626
13.551	1.4963	31.3446
13.7551	1.4963	28.841
13.9592	1.4963	25.0803
14.1633	1.4963	19.3086
14.3673	1.4963	10.3196
14.5714	1.4963	-3.81682
14.7755	1.4963	-26.1882
14.9796	1.4963	-61.7344
15.1837	1.4963	-118.358
15.3878	1.4963	-208.704
15.5918	1.4963	0
15.7959	1.4963	0
16	1.4963	0
6	1.56755	47.911
6.20408	1.56755	48.317
6.40816	1.56755	48.4178
6.61224	1.56755	48.3277
6.81633	1.56755	48.1184
7.02041	1.56755	47.8345
7.22449	1.56755	47.504
7.42857	1.56755	47.1444
7.63265	1.56755	46.7666
7.83673	1.56755	46.3774
8.04082	1.56755	45.9811
8.2449	1.56755	45.5803
8.44898	1.56755	45.1768
8.65306	1.56755	44.7715
8.85714	1.56755	44.3651
9.06122	1.56755	43.958
9.26531	1.56755	43.5505
9.46939	1.56755	43.1427
9.67347	1.56755	42.7346
9.87755	1.56755	42.3264
10.0816	1.56755	41.9179
10.2857	1.56755	41.5091
10.4898	1.56755	41.0998
10.6939	1.56755	40.6898
10.898	1.56755	40.2788
11.102	1.56755	39.866
11.3061	1.56755	39.4504
11.5102	1.56755	39.0303
11.7143	1.56755	38.603
11.9184	1.56755	38.1644
12.1224	1.56755	37.7074
12.3265	1.56755	37.2211
12.5306	1.56755	36.688
12.7347	1.56755	36.0799
12.9388	1.56755	35.3519
13.1429	1.56755	34.432
13.3469	1.56755	33.2051
13.551	1.56755	31.4871
13.7551	1.56755	28.9835
13.9592	1.56755	25.2228
14.1633	1.56755	19.4511
14.3673	1.56755	10.4621
14.5714	1.56755	-3.67432
14.7755	1.56755	-26.0457
14.9796	1.56755	-61.5919
15.1837	1.56755	-118.216
15.3878	1.56755	-208.562
15.5918	1.56755	0
15.7959	1.56755	0
16	1.56755	0
6	1.6388	48.0535
6.20408	1.6388	48.4595
6.40816	1.6388	48.5603
6.61224	1.6388	48.4702
6.81633	1.6388	48.2609
7.02041	1.6388	47.977
7.22449	1.6388	47.6465
7.42857	1.6388	47.2869
7.63265	1.6388	46.9091
7.83673	1.6388	46.5199
8.04082	1.6388	46.1236
8.2449	1.6388	45.7228
8.44898	1.6388	45.3193
8.65306	1.6388	44.914
8.85714	1.6388	44.5076
9.06122	1.6388	44.1006
9.26531	1.6388	43.693
9.46939	1.6388	43.2852
9.67347	1.6388	42.8771
9.87755	1.6388	42.4689
10.0816	1.6388	42.0604
10.2857	1.6388	41.6516
10.4898	1.6388	41.2423
10.6939	1.6388	40.8323
10.898	1.6388	40.4213
11.102	1.6388	40.0085
11.3061	1.6388	39.5929
11.5102	1.6388	39.1728
11.7143	1.6388	38.7456
11.9184	1.6388	38.3069
12.1224	1.6388	37.8499
12.3265	1.6388	37.3636
12.5306	1.6388	36.8305
12.7347	1.6388	36.2224
12.9388	1.6388	35.4944
13.1429	1.6388	34.5745
13.3469	1.6388	33.3476
13.551	1.6388	31.6296
13.7551	1.6388	29.126
13.9592	1.6388	25.3653
14.1633	1.6388	19.5936
14.3673	1.6388	10.6046
14.5714	1.6388	-3.53181
14.7755	1.6388	-25.9032
14.9796	1.6388	-61.4494
15.1837	1.6388	-118.073
15.3878	1.6388	-208.419
15.5918	1.6388	0
15.7959	1.6388	0
16	1.6388	0
6	1.71005	48.196
6.20408	1.71005	48.6021
6.40816	1.71005	48.7028
6.61224	1.71005	48.6127
6.81633	1.71005	48.4034
7.02041	1.71005	48.1195
7.22449	1.71005	47.789
7.42857	1.71005	47.4294
7.63265	1.71005	47.0516
7.83673	1.71005	46.6624
8.04082	1.71005	46.2661
8.2449	1.71005	45.8653
8.44898	1.71005	45.4618
8.65306	1.71005	45.0565
8.85714	1.71005	44.6501
9.06122	1.71005	44.2431
9.26531	1.71005	43.8355
9.46939	1.71005	43.4277
9.67347	1.71005	43.0196
9.87755	1.71005	42.6114
10.0816	1.71005	42.2029
10.2857	1.71005	41.7941
10.4898	1.71005	41.3848
10.6939	1.71005	40.9749
10.898	1.71005	40.5638
11.102	1.71005	40.151
11.3061	1.71005	39.7354
11.5102	1.71005	39.3153
11.7143	1.71005	38.8881
11.9184	1.71005	38.4494
12.1224	1.71005	37.9924
12.3265	1.71005	37.5061
12.5306	1.71005	36.973
12.7347	1.71005	36.3649
12.9388	1.71005	35.6369
13.1429	1.71005	34.717
13.3469	1.71005	33.4901
13.551	1.71005	31.7721
13.7551	1.71005	29.2685
13.9592	1.71005	25.5078
14.1633	1.71005	19.7361
14.3673	1.71005	10.7471
14.5714	1.71005	-3.38931
14.7755	1.71005	-25.7607
14.9796	1.71005	-61.3069
15.1837	1.71005	-117.931
15.3878	1.71005	-208.276
15.5918	1.71005	0
15.7959	1.71005	0
16	1.71005	0
6	1.78131	48.3385
6.20408	1.78131	48.7446
6.40816	1.78131	48.8453
6.61224	1.78131	48.7552
6.81633	1.78131	48.5459
7.02041	1.78131	48.262
7.22449	1.78131	47.9315
7.42857	1.78131	47.5719
7.63265	1.78131	47.1941
7.83673	1.78131	46.8049
8.04082	1.78131	46.4086
8.2449	1.78131	46.0078
8.44898	1.78131	45.6043
8.65306	1.78131	45.199
8.85714	1.78131	44.7926
9.06122	1.78131	44.3856
9.26531	1.78131	43.978
9.46939	1.78131	43.5702
9.67347	1.78131	43.1621
9.87755	1.78131	42.7539
10.0816	1.78131	42.3454
10.2857	1.78131	41.9366
10.4898	1.78131	41.5273
10.6939	1.78131	41.1174
10.898	1.78131	40.7063
11.102	1.78131	40.2935
11.3061	1.78131	39.8779
11.5102	1.78131	39.4578
11.7143	1.78131	39.0306
11.9184	1.78131	38.5919
12.1224	1.78131	38.1349
12.3265	1.78131	37.6486
12.5306	1.78131	37.1155
12.7347	1.78131	36.5074
12.9388	1.78131	35.7794
13.1429	1.78131	34.8595
13.3469	1.78131	33.6326
13.551	1.78131	31.9146
13.7551	1.78131	29.411
13.9592	1.78131	25.6503
14.1633	1.78131	19.8786
14.3673	1.78131	10.8896
14.5714	1.78131	-3.2468
14.7755	1.78131	-25.6182
14.9796	1.78131	-61.1644
15.1837	1.78131	-117.788
15.3878	1.78131	-208.134
15.5918	1.78131	0
15.7959	1.78131	0
16	1.78131	0
6	1.85256	48.481
6.20408	1.85256	48.8871
6.40816	1.85256	48.9878
6.61224	1.85256	48.8977
6.81633	1.85256	48.6884
7.02041	1.85256	48.4045
7.22449	1.85256	48.074
7.42857	1.85256	47.7144
7.63265	1.85256	47.3366
7.83673	1.85256	46.9474
8.04082	1.85256	46.5511
8.2449	1.85256	46.1503
8.44898	1.85256	45.7468
8.65306	1.85256	45.3415
8.85714	1.85256	44.9351
9.06122	1.85256	44.5281
9.26531	1.85256	44.1205
9.46939	1.85256	43.7127
9.67347	1.85256	43.3047
9.87755	1.85256	42.8964
10.0816	1.85256	42.4879
10.2857	1.85256	42.0791
10.4898	1.85256	41.6698
10.6939	1.85256	41.2599
10.898	1.85256	40.8488
11.102	1.85256	40.436
11.3061	1.85256	40.0204
11.5102	1.85256	39.6003
11.7143	1.85256	39.1731
11.9184	1.85256	38.7344
12.1224	1.85256	38.2774
12.3265	1.85256	37.7911
12.5306	1.85256	37.258
12.7347	1.85256	36.6499
12.9388	1.85256	35.9219
13.1429	1.85256	35.002
13.3469	1.85256	33.7751
13.551	1.85256	32.0572
13.7551	1.85256	29.5535
13.9592	1.85256	25.7928
14.1633	1.85256	20.0211
14.3673	1.85256	11.0321
14.5714	1.85256	-3.1043
14.7755	1.85256	-25.4757
14.9796	1.85256	-61.0218
15.1837	1.85256	-117.646
15.3878	1.85256	-207.991
15.5918	1.85256	0
15.7959	1.85256	0
16	1.85256	0
6	1.92381	48.6235
6.20408	1.92381	49.0296
6.40816	1.92381	49.1303
6.61224	1.92381	49.0402
6.81633	1.92381	48.8309
7.02041	1.92381	48.547
7.22449	1.92381	48.2165
7.42857	1.92381	47.8569
7.63265	1.92381	47.4791
7.83673	1.92381	47.0899
8.04082	1.92381	46.6936
8.2449	1.92381	46.2929
8.44898	1.92381	45.8893
8.65306	1.92381	45.484
8.85714	1.92381	45.0776
9.06122	1.92381	44.6706
9.26531	1.92381	44.263
9.46939	1.92381	43.8552
9.67347	1.92381	43.4472
9.87755	1.92381	43.0389
10.0816	1.92381	42.6304
10.2857	1.92381	42.2216
10.4898	1.92381	41.8123
10.6939	1.92381	41.4024
10.898	1.92381	40.9913
11.102	1.92381	40.5785
11.3061	1.92381	40.1629
11.5102	1.92381	39.7428
11.7143	1.92381	39.3156
11.9184	1.92381	38.8769
12.1224	1.92381	38.4199
12.3265	1.92381	37.9336
12.5306	1.92381	37.4005
12.7347	1.92381	36.7924
12.9388	1.92381	36.0644
13.1429	1.92381	35.1445
13.3469	1.92381	33.9176
13.551	1.92381	32.1997
13.7551	1.92381	29.696
13.9592	1.92381	25.9353
14.1633	1.92381	20.1636
14.3673	1.92381	11.1746
14.5714	1.92381	-2.96179
14.7755	1.92381	-25.3332
14.9796	1.92381	-60.8793
15.1837	1.92381	-117.503
15.3878	1.92381	-207.849
15.5918	1.92381	0
15.7959	1.92381	0
16	1.92381	0
6	1.99506	48.7661
6.20408	1.99506	49.1721
6.40816	1.99506	49.2728
6.61224	1.99506	49.1827
6.81633	1.99506	48.9734
7.02041	1.99506	48.6895
7.22449	1.99506	48.359
7.42857	1.99506	47.9994
7.63265	1.99506	47.6216
7.83673	1.99506	47.2324
8.04082	1.99506	46.8361
8.2449	1.99506	46.4354
8.44898	1.99506	46.0318
8.65306	1.99506	45.6265
8.85714	1.99506	45.2202
9.06122	1.99506	44.8131
9.26531	1.99506	44.4056
9.46939	1.99506	43.9977
9.67347	1.99506	43.5897
9.87755	1.99506	43.1814
10.0816	1.99506	42.7729
10.2857	1.99506	42.3641
10.4898	1.99506	41.9548
10.6939	1.99506	41.5449
10.898	1.99506	41.1338
11.102	1.99506	40.721
11.3061	1.99506	40.3054
11.5102	1.99506	39.8853
11.7143	1.99506	39.4581
11.9184	1.99506	39.0194
12.1224	1.99506	38.5624
12.3265	1.99506	38.0761
12.5306	1.99506	37.543
12.7347	1.99506	36.9349
12.9388	1.99506	36.2069
13.1429	1.99506	35.287
13.3469	1.99506	34.0601
13.551	1.99506	32.3422
13.7551	1.99506	29.8385
13.9592	1.99506	26.0778
14.1633	1.99506	20.3061
14.3673	1.99506	11.3171
14.5714	1.99506	-2.81929
14.7755	1.99506	-25.1907
14.9796	1.99506	-60.7368
15.1837	1.99506	-117.361
15.3878	1.99506	-207.706
15.5918	1.99506	0
15.7959	1.99506	0
16	1.99506	0
6	2.06632	48.9086
6.20408	2.06632	49.3146
6.40816	2.06632	49.4153
6.61224	2.06632	49.3253
6.81633	2.06632	49.1159
7.02041	2.06632	48.832
7.22449	2.06632	48.5016
7.42857	2.06632	48.1419
7.63265	2.06632	47.7641
7.83673	2.06632	47.3749
8.04082	2.06632	46.9786
8.2449	2.06632	46.5779
8.44898	2.06632	46.1743
8.65306	2.06632	45.769
8.85714	2.06632	45.3627
9.06122	2.06632	44.9556
9.26531	2.06632	44.5481
9.46939	2.06632	44.1402
9.67347	2.06632	43.7322
9.87755	2.06632	43.3239
10.0816	2.06632	42.9154
10.2857	2.06632	42.5066
10.4898	2.06632	42.0973
10.6939	2.06632	41.6874
10.898	2.06632	41.2763
11.102	2.06632	40.8635
11.3061	2.06632	40.4479
11.5102	2.06632	40.0278
11.7143	2.06632	39.6006
11.9184	2.06632	39.1619
12.1224	2.06632	38.7049
12.3265	2.06632	38.2186
12.5306	2.06632	37.6855
12.7347	2.06632	37.0774
12.9388	2.06632	36.3494
13.1429	2.06632	35.4295
13.3469	2.06632	34.2026
13.551	2.06632	32.4847
13.7551	2.06632	29.981
13.9592	2.06632	26.2203
14.1633	2.06632	20.4486
14.3673	2.06632	11.4596
14.5714	2.06632	-2.67679
14.7755	2.06632	-25.0482
14.9796	2.06632	-60.5943
15.1837	2.06632	-117.218
15.3878	2.06632	-207.564
15.5918	2.06632	0
15.7959	2.06632	0
16	2.06632	0
6	2.13757	49.0511
6.20408	2.13757	49.4571
6.40816	2.13757	49.5578
6.61224	2.13757	49.4678
6.81633	2.13757	49.2584
7.02041	2.13757	48.9745
7.22449	2.13757	48.6441
7.42857	2.13757	48.2844
7.63265	2.13757	47.9066
7.83673	2.13757	47.5174
8.04082	2.13757	47.1211
8.2449	2.13757	46.7204
8.44898	2.13757	46.3168
8.65306	2.13757	45.9115
8.85714	2.13757	45.5052
9.06122	2.13757	45.0981
9.26531	2.13757	44.6906
9.46939	2.13757	44.2827
9.67347	2.13757	43.8747
9.87755	2.13757	43.4664
10.0816	2.13757	43.0579
10.2857	2.13757	42.6491
10.4898	2.13757	42.2398
10.6939	2.13757	41.8299
10.898	2.13757	41.4188
11.102	2.13757	41.006
11.3061	2.13757	40.5904
11.5102	2.13757	40.1703
11.7143	2.13757	39.7431
11.9184	2.13757	39.3044
12.1224	2.13757	38.8474
12.3265	2.13757	38.3611
12.5306	2.13757	37.828
12.7347	2.13757	37.2199
12.9388	2.13757	36.4919
13.1429	2.13757	35.572
13.3469	2.13757	34.3451
13.551	2.13757	32.6272
13.7551	2.13757	30.1235
13.9592	2.13757	26.3628
14.1633	2.13757	20.5912
14.3673	2.13757	11.6021
14.5714	2.13757	-2.53428
14.7755	2.13757	-24.9056
14.9796	2.13757	-60.4518
15.1837	2.13757	-117.076
15.3878	2.13757	-207.421
15.5918	2.13757	0
15.7959	2.13757	0
16	2.13757	0
6	2.20882	49.1936
6.20408	2.20882	49.5996
6.40816	2.20882	49.7003
6.61224	2.20882	49.6103
6.81633	2.20882	49.4009
7.02041	2.20882	49.117
7.22449	2.20882	48.7866
7.42857	2.20882	48.4269
7.63265	2.20882	48.0491
7.83673	2.20882	47.6599
8.04082	2.20882	47.2636
8.2449	2.20882	46.8629
8.44898	2.20882	46.4593
8.65306	2.20882	46.054
8.85714	2.20882	45.6477
9.06122	2.20882	45.2406
9.26531	2.20882	44.8331
9.46939	2.20882	44.4252
9.67347	2.20882	44.0172
9.87755	2.20882	43.6089
10.0816	2.20882	43.2004
10.2857	2.20882	42.7916
10.4898	2.20882	42.3823
10.6939	2.20882	41.9724
10.898	2.20882	41.5613
11.102	2.20882	41.1485
11.3061	2.20882	40.7329
11.5102	2.20882	40.3128
11.7143	2.20882	39.8856
11.9184	2.20882	39.4469
12.1224	2.20882	38.9899
12.3265	2.20882	38.5036
12.5306	2.20882	37.9705
12.7347	2.20882	37.3624
12.9388	2.20882	36.6344
13.1429	2.20882	35.7145
13.3469	2.20882	34.4876
13.551	2.20882	32.7697
13.7551	2.20882	30.266
13.9592	2.20882	26.5053
14.1633	2.20882	20.7337
14.3673	2.20882	11.7446
14.5714	2.20882	-2.39178
14.7755	2.20882	-24.7631
14.9796	2.20882	-60.3093
15.1837	2.20882	-116.933
15.3878	2.20882	-207.279
15.5918	2.20882	0
15.7959	2.20882	0
16	2.20882	0
6	2.28007	49.3361
6.20408	2.28007	49.7421
6.40816	2.28007	49.8428
6.61224	2.28007	49.7528
6.81633	2.28007	49.5434
7.02041	2.28007	49.2595
7.22449	2.28007	48.9291
7.42857	2.28007	48.5695
7.63265	2.28007	48.1916
7.83673	2.28007	47.8024
8.04082	2.28007	47.4061
8.2449	2.28007	47.0054
8.44898	2.28007	46.6018
8.65306	2.28007	46.1965
8.85714	2.28007	45.7902
9.06122	2.28007	45.3831
9.26531	2.28007	44.9756
9.46939	2.28007	44.5677
9.67347	2.28007	44.1597
9.87755	2.28007	43.7514
10.0816	2.28007	43.3429
10.2857	2.28007	42.9341
10.4898	2.28007	42.5248
10.6939	2.28007	42.1149
10.898	2.28007	41.7038
11.102	2.28007	41.291
11.3061	2.28007	40.8754
11.5102	2.28007	40.4553
11.7143	2.28007	40.0281
11.9184	2.28007	39.5894
12.1224	2.28007	39.1324
12.3265	2.28007	38.6462
12.5306	2.28007	38.113
12.7347	2.28007	37.5049
12.9388	2.28007	36.7769
13.1429	2.28007	35.857
13.3469	2.28007	34.6301
13.551	2.28007	32.9122
13.7551	2.28007	30.4085
13.9592	2.28007	26.6479
14.1633	2.28007	20.8762
14.3673	2.28007	11.8871
14.5714	2.28007	-2.24927
14.7755	2.28007	-24.6206
14.9796	2.28007	-60.1668
15.1837	2.28007	-116.791
15.3878	2.28007	-207.136
15.5918	2.28007	0
15.7959	2.28007	0
16	2.28007	0
6	2.35133	49.4786
6.20408	2.35133	49.8846
6.40816	2.35133	49.9853
6.61224	2.35133	49.8953
6.81633	2.35133	49.6859
7.02041	2.35133	49.4021
7.22449	2.35133	49.0716
7.42857	2.35133	48.712
7.63265	2.35133	48.3341
7.83673	2.35133	47.9449
8.04082	2.35133	47.5486
8.2449	2.35133	47.1479
8.44898	2.35133	46.7443
8.65306	2.35133	46.3391
8.85714	2.35133	45.9327
9.06122	2.35133	45.5256
9.26531	2.35133	45.1181
9.46939	2.35133	44.7102
9.67347	2.35133	44.3022
9.87755	2.35133	43.8939
10.0816	2.35133	43.4854
10.2857	2.35133	43.0766
10.4898	2.35133	42.6674
10.6939	2.35133	42.2574
10.898	2.35133	41.8463
11.102	2.35133	41.4335
11.3061	2.35133	41.0179
11.5102	2.35133	40.5978
11.7143	2.35133	40.1706
11.9184	2.35133	39.7319
12.1224	2.35133	39.2749
12.3265	2.35133	38.7887
12.5306	2.35133	38.2555
12.7347	2.35133	37.6474
12.9388	2.35133	36.9194
13.1429	2.35133	35.9995
13.3469	2.35133	34.7727
13.551	2.35133	33.0547
13.7551	2.35133	30.551
13.9592	2.35133	26.7904
14.1633	2.35133	21.0187
14.3673	2.35133	12.0296
14.5714	2.35133	-2.10677
14.7755	2.35133	-24.4781
14.9796	2.35133	-60.0243
15.1837	2.35133	-116.648
15.3878	2.35133	-206.994
15.5918	2.35133	0
15.7959	2.35133	0
16	2.35133	0
6	2.42258	49.6211
6.20408	2.42258	50.0271
6.40816	2.42258	50.1278
6.61224	2.42258	50.0378
6.81633	2.42258	49.8284
7.02041	2.42258	49.5446
7.22449	2.42258	49.2141
7.42857	2.42258	48.8545
7.63265	2.42258	48.4766
7.83673	2.42258	48.0875
8.04082	2.42258	47.6911
8.2449	2.42258	47.2904
8.44898	2.42258	46.8868
8.65306	2.42258	46.4816
8.85714	2.42258	46.0752
9.06122	2.42258	45.6681
9.26531	2.42258	45.2606
9.46939	2.42258	44.8528
9.67347	2.42258	44.4447
9.87755	2.42258	44.0364
10.0816	2.42258	43.6279
10.2857	2.42258	43.2191
10.4898	2.42258	42.8099
10.6939	2.42258	42.3999
10.898	2.42258	41.9888
11.102	2.42258	41.576
11.3061	2.42258	41.1604
11.5102	2.42258	40.7403
11.7143	2.42258	40.3131
11.9184	2.42258	39.8744
12.1224	2.42258	39.4174
12.3265	2.42258	38.9312
12.5306	2.42258	38.398
12.7347	2.42258	37.7899
12.9388	2.42258	37.0619
13.1429	2.42258	36.142
13.3469	2.42258	34.9152
13.551	2.42258	33.1972
13.7551	2.42258	30.6935
13.9592	2.42258	26.9329
14.1633	2.42258	21.1612
14.3673	2.42258	12.1721
14.5714	2.42258	-1.96426
14.7755	2.42258	-24.3356
14.9796	2.42258	-59.8818
15.1837	2.42258	-116.506
15.3878	2.42258	-206.851
15.5918	2.42258	0
15.7959	2.42258	0
16	2.42258	0
6	2.49383	49.7636
6.20408	2.49383	50.1696
6.40816	2.49383	50.2703
6.61224	2.49383	50.1803
6.81633	2.49383	49.9709
7.02041	2.49383	49.6871
7.22449	2.49383	49.3566
7.42857	2.49383	48.997
7.63265	2.49383	48.6192
7.83673	2.49383	48.23
8.04082	2.49383	47.8336
8.2449	2.49383	47.4329
8.44898	2.49383	47.0293
8.65306	2.49383	46.6241
8.85714	2.49383	46.2177
9.06122	2.49383	45.8106
9.26531	2.49383	45.4031
9.46939	2.49383	44.9953
9.67347	2.49383	44.5872
9.87755	2.49383	44.1789
10.0816	2.49383	43.7704
10.2857	2.49383	43.3616
10.4898	2.49383	42.9524
10.6939	2.49383	42.5424
10.898	2.49383	42.1313
11.102	2.49383	41.7185
11.3061	2.49383	41.3029
11.5102	2.49383	40.8828
11.7143	2.49383	40.4556
11.9184	2.49383	40.0169
12.1224	2.49383	39.5599
12.3265	2.49383	39.0737
12.5306	2.49383	38.5405
12.7347	2.49383	37.9324
12.9388	2.49383	37.2044
13.1429	2.49383	36.2845
13.3469	2.49383	35.0577
13.551	2.49383	33.3397
13.7551	2.49383	30.836
13.9592	2.49383	27.0754
14.1633	2.49383	21.3037
14.3673	2.49383	12.3146
14.5714	2.49383	-1.82176
14.7755	2.49383	-24.1931
14.9796	2.49383	-59.7393
15.1837	2.49383	-116.363
15.3878	2.49383	-206.709
15.5918	2.49383	0
15.7959	2.49383	0
16	2.49383	0
6	2.56508	49.9061
6.20408	2.56508	50.3121
6.40816	2.56508	50.4129
6.61224	2.56508	50.3228
6.81633	2.56508	50.1135
7.02041	2.56508	49.8296
7.22449	2.56508	49.4991
7.42857	2.56508	49.1395
7.63265	2.56508	48.7617
7.83673	2.56508	48.3725
8.04082	2.56508	47.9762
8.2449	2.56508	47.5754
8.44898	2.56508	47.1719
8.65306	2.56508	46.7666
8.85714	2.56508	46.3602
9.06122	2.56508	45.9531
9.26531	2.56508	45.5456
9.46939	2.56508	45.1378
9.67347	2.56508	44.7297
9.87755	2.56508	44.3214
10.0816	2.56508	43.9129
10.2857	2.56508	43.5041
10.4898	2.56508	43.0949
10.6939	2.56508	42.6849
10.898	2.56508	42.2739
11.102	2.56508	41.861
11.3061	2.56508	41.4454
11.5102	2.56508	41.0253
11.7143	2.56508	40.5981
11.9184	2.56508	40.1594
12.1224	2.56508	39.7024
12.3265	2.56508	39.2162
12.5306	2.56508	38.683
12.7347	2.56508	38.0749
12.9388	2.56508	37.3469
13.1429	2.56508	36.427
13.3469	2.56508	35.2002
13.551	2.56508	33.4822
13.7551	2.56508	30.9785
13.9592	2.56508	27.2179
14.1633	2.56508	21.4462
14.3673	2.56508	12.4571
14.5714	2.56508	-1.67925
14.7755	2.56508	-24.0506
14.9796	2.56508	-59.5968
15.1837	2.56508	-116.221
15.3878	2.56508	-206.566
15.5918	2.56508	0
15.7959	2.56508	0
16	2.56508	0
6	2.63633	50.0486
6.20408	2.63633	50.4546
6.40816	2.63633	50.5554
6.61224	2.63633	50.4653
6.81633	2.63633	50.256
7.02041	2.63633	49.9721
7.22449	2.63633	49.6416
7.42857	2.63633	49.282
7.63265	2.63633	48.9042
7.83673	2.63633	48.515
8.04082	2.63633	48.1187
8.2449	2.63633	47.7179
8.44898	2.63633	47.3144
8.65306	2.63633	46.9091
8.85714	2.63633	46.5027
9.06122	2.63633	46.0956
9.26531	2.63633	45.6881
9.46939	2.63633	45.2803
9.67347	2.63633	44.8722
9.87755	2.63633	44.4639
10.0816	2.63633	44.0554
10.2857	2.63633	43.6466
10.4898	2.63633	43.2374
10.6939	2.63633	42.8274
10.898	2.63633	42.4164
11.102	2.63633	42.0035
11.3061	2.63633	41.5879
11.5102	2.63633	41.1679
11.7143	2.63633	40.7406
11.9184	2.63633	40.3019
12.1224	2.63633	39.8449
12.3265	2.63633	39.3587
12.5306	2.63633	38.8255
12.7347	2.63633	38.2175
12.9388	2.63633	37.4894
13.1429	2.63633	36.5695
13.3469	2.63633	35.3427
13.551	2.63633	33.6247
13.7551	2.63633	31.121
13.9592	2.63633	27.3604
14.1633	2.63633	21.5887
14.3673	2.63633	12.5996
14.5714	2.63633	-1.53675
14.7755	2.63633	-23.9081
14.9796	2.63633	-59.4543
15.1837	2.63633	-116.078
15.3878	2.63633	-206.424
15.5918	2.63633	0
15.7959	2.63633	0
16	2.63633	0
6	2.70759	50.1911
6.20408	2.70759	50.5971
6.40816	2.70759	50.6979
6.61224	2.70759	50.6078
6.81633	2.70759	50.3985
7.02041	2.70759	50.1146
7.22449	2.70759	49.7841
7.42857	2.70759	49.4245
7.63265	2.70759	49.0467
7.83673	2.70759	48.6575
8.04082	2.70759	48.2612
8.2449	2.70759	47.8604
8.44898	2.70759	47.4569
8.65306	2.70759	47.0516
8.85714	2.70759	46.6452
9.06122	2.70759	46.2381
9.26531	2.70759	45.8306
9.46939	2.70759	45.4228
9.67347	2.70759	45.0147
9.87755	2.70759	44.6064
10.0816	2.70759	44.1979
10.2857	2.70759	43.7891
10.4898	2.70759	43.3799
10.6939	2.70759	42.9699
10.898	2.70759	42.5589
11.102	2.70759	42.146
11.3061	2.70759	41.7304
11.5102	2.70759	41.3104
11.7143	2.70759	40.8831
11.9184	2.70759	40.4444
12.1224	2.70759	39.9875
12.3265	2.70759	39.5012
12.5306	2.70759	38.968
12.7347	2.70759	38.36
12.9388	2.70759	37.6319
13.1429	2.70759	36.712
13.3469	2.70759	35.4852
13.551	2.70759	33.7672
13.7551	2.70759	31.2635
13.9592	2.70759	27.5029
14.1633	2.70759	21.7312
14.3673	2.70759	12.7421
14.5714	2.70759	-1.39424
14.7755	2.70759	-23.7656
14.9796	2.70759	-59.3118
15.1837	2.70759	-115.936
15.3878	2.70759	-206.281
15.5918	2.70759	0
15.7959	2.70759	0
16	2.70759	0
6	2.77884	50.3336
6.20408	2.77884	50.7396
6.40816	2.77884	50.8404
6.61224	2.77884	50.7503
6.81633	2.77884	50.541
7.02041	2.77884	50.2571
7.22449	2.77884	49.9266
7.42857	2.77884	49.567
7.63265	2.77884	49.1892
7.83673	2.77884	48.8
8.04082	2.77884	48.4037
8.2449	2.77884	48.0029
8.44898	2.77884	47.5994
8.65306	2.77884	47.1941
8.85714	2.77884	46.7877
9.06122	2.77884	46.3806
9.26531	2.77884	45.9731
9.46939	2.77884	45.5653
9.67347	2.77884	45.1572
9.87755	2.77884	44.7489
10.0816	2.77884	44.3404
10.2857	2.77884	43.9316
10.4898	2.77884	43.5224
10.6939	2.77884	43.1124
10.898	2.77884	42.7014
11.102	2.77884	42.2886
11.3061	2.77884	41.8729
11.5102	2.77884	41.4529
11.7143	2.77884	41.0256
11.9184	2.77884	40.5869
12.1224	2.77884	40.13
12.3265	2.77884	39.6437
12.5306	2.77884	39.1106
12.7347	2.77884	38.5025
12.9388	2.77884	37.7744
13.1429	2.77884	36.8545
13.3469	2.77884	35.6277
13.551	2.77884	33.9097
13.7551	2.77884	31.4061
13.9592	2.77884	27.6454
14.1633	2.77884	21.8737
14.3673	2.77884	12.8846
14.5714	2.77884	-1.25174
14.7755	2.77884	-23.6231
14.9796	2.77884	-59.1693
15.1837	2.77884	-115.793
15.3878	2.77884	-206.139
15.5918	2.77884	0
15.7959	2.77884	0
16	2.77884	0
6	2.85009	50.4761
6.20408	2.85009	50.8821
6.40816	2.85009	50.9829
6.61224	2.85009	50.8928
6.81633	2.85009	50.6835
7.02041	2.85009	50.3996
7.22449	2.85009	50.0691
7.42857	2.85009	49.7095
7.63265	2.85009	49.3317
7.83673	2.85009	48.9425
8.04082	2.85009	48.5462
8.2449	2.85009	48.1454
8.44898	2.85009	47.7419
8.65306	2.85009	47.3366
8.85714	2.85009	46.9302
9.06122	2.85009	46.5231
9.26531	2.85009	46.1156
9.46939	2.85009	45.7078
9.67347	2.85009	45.2997
9.87755	2.85009	44.8914
10.0816	2.85009	44.4829
10.2857	2.85009	44.0741
10.4898	2.85009	43.6649
10.6939	2.85009	43.2549
10.898	2.85009	42.8439
11.102	2.85009	42.4311
11.3061	2.85009	42.0154
11.5102	2.85009	41.5954
11.7143	2.85009	41.1681
11.9184	2.85009	40.7294
12.1224	2.85009	40.2725
12.3265	2.85009	39.7862
12.5306	2.85009	39.2531
12.7347	2.85009	38.645
12.9388	2.85009	37.9169
13.1429	2.85009	36.997
13.3469	2.85009	35.7702
13.551	2.85009	34.0522
13.7551	2.85009	31.5486
13.9592	2.85009	27.7879
14.1633	2.85009	22.0162
14.3673	2.85009	13.0271
14.5714	2.85009	-1.10923
14.7755	2.85009	-23.4806
14.9796	2.85009	-59.0268
15.1837	2.85009	-115.651
15.3878	2.85009	-205.996
15.5918	2.85009	0
15.7959	2.85009	0
16	2.85009	0
6	2.92134	50.6186
6.20408	2.92134	51.0246
6.40816	2.92134	51.1254
6.61224	2.92134	51.0353
6.81633	2.92134	50.826
7.02041	2.92134	50.5421
7.22449	2.92134	50.2116
7.42857	2.92134	49.852
7.63265	2.92134	49.4742
7.83673	2.92134	49.085
8.04082	2.92134	48.6887
8.2449	2.92134	48.2879
8.44898	2.92134	47.8844
8.65306	2.92134	47.4791
8.85714	2.92134	47.0727
9.06122	2.92134	46.6656
9.26531	2.92134	46.2581
9.46939	2.92134	45.8503
9.67347	2.92134	45.4422
9.87755	2.92134	45.034
10.0816	2.92134	44.6255
10.2857	2.92134	44.2166
10.4898	2.92134	43.8074
10.6939	2.92134	43.3974
10.898	2.92134	42.9864
11.102	2.92134	42.5736
11.3061	2.92134	42.158
11.5102	2.92134	41.7379
11.7143	2.92134	41.3106
11.9184	2.92134	40.872
12.1224	2.92134	40.415
12.3265	2.92134	39.9287
12.5306	2.92134	39.3956
12.7347	2.92134	38.7875
12.9388	2.92134	38.0594
13.1429	2.92134	37.1396
13.3469	2.92134	35.9127
13.551	2.92134	34.1947
13.7551	2.92134	31.6911
13.9592	2.92134	27.9304
14.1633	2.92134	22.1587
14.3673	2.92134	13.1696
14.5714	2.92134	-0.96673
14.7755	2.92134	-23.3381
14.9796	2.92134	-58.8843
15.1837	2.92134	-115.508
15.3878	2.92134	-205.854
15.5918	2.92134	0
15.7959	2.92134	0
16	2.92134	0
6	2.9926	50.7611
6.20408	2.9926	51.1671
6.40816	2.9926	51.2679
6.61224	2.9926	51.1778
6.81633	2.9926	50.9685
7.02041	2.9926	50.6846
7.22449	2.9926	50.3541
7.42857	2.9926	49.9945
7.63265	2.9926	49.6167
7.83673	2.9926	49.2275
8.04082	2.9926	48.8312
8.2449	2.9926	48.4304
8.44898	2.9926	48.0269
8.65306	2.9926	47.6216
8.85714	2.9926	47.2152
9.06122	2.9926	46.8081
9.26531	2.9926	46.4006
9.46939	2.9926	45.9928
9.67347	2.9926	45.5847
9.87755	2.9926	45.1765
10.0816	2.9926	44.768
10.2857	2.9926	44.3592
10.4898	2.9926	43.9499
10.6939	2.9926	43.5399
10.898	2.9926	43.1289
11.102	2.9926	42.7161
11.3061	2.9926	42.3005
11.5102	2.9926	41.8804
11.7143	2.9926	41.4531
11.9184	2.9926	41.0145
12.1224	2.9926	40.5575
12.3265	2.9926	40.0712
12.5306	2.9926	39.5381
12.7347	2.9926	38.93
12.9388	2.9926	38.202
13.1429	2.9926	37.2821
13.3469	2.9926	36.0552
13.551	2.9926	34.3372
13.7551	2.9926	31.8336
13.9592	2.9926	28.0729
14.1633	2.9926	22.3012
14.3673	2.9926	13.3122
14.5714	2.9926	-0.824226
14.7755	2.9926	-23.1956
14.9796	2.9926	-58.7418
15.1837	2.9926	-115.366
15.3878	2.9926	-205.711
15.5918	2.9926	0
15.7959	2.9926	0
16	2.9926	0
6	3.06385	50.9036
6.20408	3.06385	51.3096
6.40816	3.06385	51.4104
6.61224	3.06385	51.3203
6.81633	3.06385	51.111
7.02041	3.06385	50.8271
7.22449	3.06385	50.4966
7.42857	3.06385	50.137
7.63265	3.06385	49.7592
7.83673	3.06385	49.37
8.04082	3.06385	48.9737
8.2449	3.06385	48.5729
8.44898	3.06385	48.1694
8.65306	3.06385	47.7641
8.85714	3.06385	47.3577
9.06122	3.06385	46.9506
9.26531	3.06385	46.5431
9.46939	3.06385	46.1353
9.67347	3.06385	45.7272
9.87755	3.06385	45.319
10.0816	3.06385	44.9105
10.2857	3.06385	44.5017
10.4898	3.06385	44.0924
10.6939	3.06385	43.6824
10.898	3.06385	43.2714
11.102	3.06385	42.8586
11.3061	3.06385	42.443
11.5102	3.06385	42.0229
11.7143	3.06385	41.5956
11.9184	3.06385	41.157
12.1224	3.06385	40.7
12.3265	3.06385	40.2137
12.5306	3.06385	39.6806
12.7347	3.06385	39.0725
12.9388	3.06385	38.3445
13.1429	3.06385	37.4246
13.3469	3.06385	36.1977
13.551	3.06385	34.4797
13.7551	3.06385	31.9761
13.9592	3.06385	28.2154
14.1633	3.06385	22.4437
14.3673	3.06385	13.4547
14.5714	3.06385	-0.681721
14.7755	3.06385	-23.0531
14.9796	3.06385	-58.5993
15.1837	3.06385	-115.223
15.3878	3.06385	-205.569
15.5918	3.06385	0
15.7959	3.06385	0
16	3.06385	0
6	3.1351	51.0461
6.20408	3.1351	51.4521
6.40816	3.1351	51.5529
6.61224	3.1351	51.4628
6.81633	3.1351	51.2535
7.02041	3.1351	50.9696
7.22449	3.1351	50.6391
7.42857	3.1351	50.2795
7.63265	3.1351	49.9017
7.83673	3.1351	49.5125
8.04082	3.1351	49.1162
8.2449	3.1351	48.7154
8.44898	3.1351	48.3119
8.65306	3.1351	47.9066
8.85714	3.1351	47.5002
9.06122	3.1351	47.0932
9.26531	3.1351	46.6856
9.46939	3.1351	46.2778
9.67347	3.1351	45.8697
9.87755	3.1351	45.4615
10.0816	3.1351	45.053
10.2857	3.1351	44.6442
10.4898	3.1351	44.2349
10.6939	3.1351	43.8249
10.898	3.1351	43.4139
11.102	3.1351	43.0011
11.3061	3.1351	42.5855
11.5102	3.1351	42.1654
11.7143	3.1351	41.7381
11.9184	3.1351	41.2995
12.1224	3.1351	40.8425
12.3265	3.1351	40.3562
12.5306	3.1351	39.8231
12.7347	3.1351	39.215
12.9388	3.1351	38.487
13.1429	3.1351	37.5671
13.3469	3.1351	36.3402
13.551	3.1351	34.6222
13.7551	3.1351	32.1186
13.9592	3.1351	28.3579
14.1633	3.1351	22.5862
14.3673	3.1351	13.5972
14.5714	3.1351	-0.539217
14.7755	3.1351	-22.9106
14.9796	3.1351	-58.4568
15.1837	3.1351	-115.081
15.3878	3.1351	-205.426
15.5918	3.1351	0
15.7959	3.1351	0
16	3.1351	0
6	3.20635	51.1886
6.20408	3.20635	51.5946
6.40816	3.20635	51.6954
6.61224	3.20635	51.6053
6.81633	3.20635	51.396
7.02041	3.20635	51.1121
7.22449	3.20635	50.7816
7.42857	3.20635	50.422
7.63265	3.20635	50.0442
7.83673	3.20635	49.655
8.04082	3.20635	49.2587
8.2449	3.20635	48.8579
8.44898	3.20635	48.4544
8.65306	3.20635	48.0491
8.85714	3.20635	47.6427
9.06122	3.20635	47.2357
9.26531	3.20635	46.8281
9.46939	3.20635	46.4203
9.67347	3.20635	46.0122
9.87755	3.20635	45.604
10.0816	3.20635	45.1955
10.2857	3.20635	44.7867
10.4898	3.20635	44.3774
10.6939	3.20635	43.9674
10.898	3.20635	43.5564
11.102	3.20635	43.1436
11.3061	3.20635	42.728
11.5102	3.20635	42.3079
11.7143	3.20635	41.8807
11.9184	3.20635	41.442
12.1224	3.20635	40.985
12.3265	3.20635	40.4987
12.5306	3.20635	39.9656
12.7347	3.20635	39.3575
12.9388	3.20635	38.6295
13.1429	3.20635	37.7096
13.3469	3.20635	36.4827
13.551	3.20635	34.7647
13.7551	3.20635	32.2611
13.9592	3.20635	28.5004
14.1633	3.20635	22.7287
14.3673	3.20635	13.7397
14.5714	3.20635	-0.396712
14.7755	3.20635	-22.7681
14.9796	3.20635	-58.3143
15.1837	3.20635	-114.938
15.3878	3.20635	-205.284
15.5918	3.20635	0
15.7959	3.20635	0
16	3.20635	0
6	3.2776	51.3311
6.20408	3.2776	51.7372
6.40816	3.2776	51.8379
6.61224	3.2776	51.7478
6.81633	3.2776	51.5385
7.02041	3.2776	51.2546
7.22449	3.2776	50.9241
7.42857	3.2776	50.5645
7.63265	3.2776	50.1867
7.83673	3.2776	49.7975
8.04082	3.2776	49.4012
8.2449	3.2776	49.0004
8.44898	3.2776	48.5969
8.65306	3.2776	48.1916
8.85714	3.2776	47.7852
9.06122	3.2776	47.3782
9.26531	3.2776	46.9706
9.46939	3.2776	46.5628
9.67347	3.2776	46.1547
9.87755	3.2776	45.7465
10.0816	3.2776	45.338
10.2857	3.2776	44.9292
10.4898	3.2776	44.5199
10.6939	3.2776	44.11
10.898	3.2776	43.6989
11.102	3.2776	43.2861
11.3061	3.2776	42.8705
11.5102	3.2776	42.4504
11.7143	3.2776	42.0232
11.9184	3.2776	41.5845
12.1224	3.2776	41.1275
12.3265	3.2776	40.6412
12.5306	3.2776	40.1081
12.7347	3.2776	39.5
12.9388	3.2776	38.772
13.1429	3.2776	37.8521
13.3469	3.2776	36.6252
13.551	3.2776	34.9072
13.7551	3.2776	32.4036
13.9592	3.2776	28.6429
14.1633	3.2776	22.8712
14.3673	3.2776	13.8822
14.5714	3.2776	-0.254208
14.7755	3.2776	-22.6256
14.9796	3.2776	-58.1718
15.1837	3.2776	-114.796
15.3878	3.2776	-205.141
15.5918	3.2776	0
15.7959	3.2776	0
16	3.2776	0
6	3.34886	51.4736
6.20408	3.34886	51.8797
6.40816	3.34886	51.9804
6.61224	3.34886	51.8903
6.81633	3.34886	51.681
7.02041	3.34886	51.3971
7.22449	3.34886	51.0666
7.42857	3.34886	50.707
7.63265	3.34886	50.3292
7.83673	3.34886	49.94
8.04082	3.34886	49.5437
8.2449	3.34886	49.1429
8.44898	3.34886	48.7394
8.65306	3.34886	48.3341
8.85714	3.34886	47.9277
9.06122	3.34886	47.5207
9.26531	3.34886	47.1131
9.46939	3.34886	46.7053
9.67347	3.34886	46.2972
9.87755	3.34886	45.889
10.0816	3.34886	45.4805
10.2857	3.34886	45.0717
10.4898	3.34886	44.6624
10.6939	3.34886	44.2525
10.898	3.34886	43.8414
11.102	3.34886	43.4286
11.3061	3.34886	43.013
11.5102	3.34886	42.5929
11.7143	3.34886	42.1657
11.9184	3.34886	41.727
12.1224	3.34886	41.27
12.3265	3.34886	40.7837
12.5306	3.34886	40.2506
12.7347	3.34886	39.6425
12.9388	3.34886	38.9145
13.1429	3.34886	37.9946
13.3469	3.34886	36.7677
13.551	3.34886	35.0497
13.7551	3.34886	32.5461
13.9592	3.34886	28.7854
14.1633	3.34886	23.0137
14.3673	3.34886	14.0247
14.5714	3.34886	-0.111703
14.7755	3.34886	-22.4831
14.9796	3.34886	-58.0293
15.1837	3.34886	-114.653
15.3878	3.34886	-204.999
15.5918	3.34886	0
15.7959	3.34886	0
16	3.34886	0
6	3.42011	51.6161
6.20408	3.42011	52.0222
6.40816	3.42011	52.1229
6.61224	3.42011	52.0328
6.81633	3.42011	51.8235
7.02041	3.42011	51.5396
7.22449	3.42011	51.2091
7.42857	3.42011	50.8495
7.63265	3.42011	50.4717
7.83673	3.42011	50.0825
8.04082	3.42011	49.6862
8.2449	3.42011	49.2854
8.44898	3.42011	48.8819
8.65306	3.42011	48.4766
8.85714	3.42011	48.0702
9.06122	3.42011	47.6632
9.26531	3.42011	47.2556
9.46939	3.42011	46.8478
9.67347	3.42011	46.4398
9.87755	3.42011	46.0315
10.0816	3.42011	45.623
10.2857	3.42011	45.2142
10.4898	3.42011	44.8049
10.6939	3.42011	44.395
10.898	3.42011	43.9839
11.102	3.42011	43.5711
11.3061	3.42011	43.1555
11.5102	3.42011	42.7354
11.7143	3.42011	42.3082
11.9184	3.42011	41.8695
12.1224	3.42011	41.4125
12.3265	3.42011	40.9262
12.5306	3.42011	40.3931
12.7347	3.42011	39.785
12.9388	3.42011	39.057
13.1429	3.42011	38.1371
13.3469	3.42011	36.9102
13.551	3.42011	35.1923
13.7551	3.42011	32.6886
13.9592	3.42011	28.9279
14.1633	3.42011	23.1562
14.3673	3.42011	14.1672
14.5714	3.42011	0.0308015
14.7755	3.42011	-22.3406
14.9796	3.42011	-57.8867
15.1837	3.42011	-114.511
15.3878	3.42011	-204.856
15.5918	3.42011	0
15.7959	3.42011	0
16	3.42011	0
6	3.49136	0
6.20408	3.49136	0
6.40816	3.49136	0
6.61224	3.49136	0
6.81633	3.49136	0
7.02041	3.49136	0
7.22449	3.49136	0
7.42857	3.49136	0
7.63265	3.49136	0
7.83673	3.49136	0
8.04082	3.49136	0
8.2449	3.49136	0
8.44898	3.49136	0
8.65306	3.49136	0
8.85714	3.49136	0
9.06122	3.49136	0
9.26531	3.49136	0
9.46939	3.49136	0
9.67347	3.49136	0
9.87755	3.49136	0
10.0816	3.49136	0
10.2857	3.49136	0
10.4898	3.49136	0
10.6939	3.49136	0
10.898	3.49136	0
11.102	3.49136	0
11.3061	3.49136	0
11.5102	3.49136	0
11.7143	3.49136	0
11.9184	3.49136	0
12.1224	3.49136	0
12.3265	3.49136	0
12.5306	3.49136	0
12.7347	3.49136	0
12.9388	3.49136	0
13.1429	3.49136	0
13.3469	3.49136	0
13.551	3.49136	0
13.7551	3.49136	0
13.9592	3.49136	0
14.1633	3.49136	0
14.3673	3.49136	0
14.5714	3.49136	0
14.7755	3.49136	0
14.9796	3.49136	0
15.1837	3.49136	0
15.3878	3.49136	0
15.5918	3.49136	0
15.7959	3.49136	0
16	3.49136	0
