6	0	46.6658
6.18367	0	47.0473
6.36735	0	47.1706
6.55102	0	47.1247
6.73469	0	46.9679
6.91837	0	46.7385
7.10204	0	46.4615
7.28571	0	46.1534
7.46939	0	45.8248
7.65306	0	45.4829
7.83673	0	45.1322
8.02041	0	44.7757
8.20408	0	44.4155
8.38776	0	44.0529
8.57143	0	43.6886
8.7551	0	43.3232
8.93878	0	42.9572
9.12245	0	42.5907
9.30612	0	42.2239
9.4898	0	41.857
9.67347	0	41.4898
9.85714	0	41.1226
10.0408	0	40.7554
10.2245	0	40.388
10.4082	0	40.0207
10.5918	0	39.6533
10.7755	0	39.2858
10.9592	0	38.9182
11.1429	0	38.5506
11.3265	0	38.1827
11.5102	0	37.8146
11.6939	0	37.4461
11.8776	0	37.0769
12.0612	0	36.7068
12.2449	0	36.3352
12.4286	0	35.9614
12.6122	0	35.5843
12.7959	0	35.2019
12.9796	0	34.8116
13.1633	0	34.4093
13.3469	0	33.9885
13.5306	0	33.5397
13.7143	0	33.0479
13.898	0	32.4906
14.0816	0	31.8334
14.2653	0	31.0235
14.449	0	29.9807
14.6327	0	28.5822
14.8163	0	26.6411
15	0	23.8714
6	0.0240019	46.7618
6.18367	0.0240019	47.1433
6.36735	0.0240019	47.2666
6.55102	0.0240019	47.2207
6.73469	0.0240019	47.0639
6.91837	0.0240019	46.8345
7.10204	0.0240019	46.5575
7.28571	0.0240019	46.2494
7.46939	0.0240019	45.9208
7.65306	0.0240019	45.5789
7.83673	0.0240019	45.2282
8.02041	0.0240019	44.8717
8.20408	0.0240019	44.5115
8.38776	0.0240019	44.1489
8.57143	0.0240019	43.7846
8.7551	0.0240019	43.4193
8.93878	0.0240019	43.0532
9.12245	0.0240019	42.6867
9.30612	0.0240019	42.3199
9.4898	0.0240019	41.953
9.67347	0.0240019	41.5858
9.85714	0.0240019	41.2186
10.0408	0.0240019	40.8514
10.2245	0.0240019	40.4841
10.4082	0.0240019	40.1167
10.5918	0.0240019	39.7493
10.7755	0.0240019	39.3818
10.9592	0.0240019	39.0143
11.1429	0.0240019	38.6466
11.3265	0.0240019	38.2787
11.5102	0.0240019	37.9106
11.6939	0.0240019	37.5421
11.8776	0.0240019	37.1729
12.0612	0.0240019	36.8028
12.2449	0.0240019	36.4312
12.4286	0.0240019	36.0574
12.6122	0.0240019	35.6803
12.7959	0.0240019	35.2979
12.9796	0.0240019	34.9076
13.1633	0.0240019	34.5053
13.3469	0.0240019	34.0845
13.5306	0.0240019	33.6357
13.7143	0.0240019	33.1439
13.898	0.0240019	32.5866
14.0816	0.0240019	31.9294
14.2653	0.0240019	31.1195
14.449	0.0240019	30.0767
14.6327	0.0240019	28.6783
14.8163	0.0240019	26.7371
15	0.0240019	23.9674
6	0.0480037	46.8578
6.18367	0.0480037	47.2393
6.36735	0.0480037	47.3626
6.55102	0.0480037	47.3167
6.73469	0.0480037	47.1599
6.91837	0.0480037	46.9305
7.10204	0.0480037	46.6535
7.28571	0.0480037	46.3454
7.46939	0.0480037	46.0168
7.65306	0.0480037	45.6749
7.83673	0.0480037	45.3242
8.02041	0.0480037	44.9677
8.20408	0.0480037	44.6075
8.38776	0.0480037	44.2449
8.57143	0.0480037	43.8806
8.7551	0.0480037	43.5153
8.93878	0.0480037	43.1492
9.12245	0.0480037	42.7827
9.30612	0.0480037	42.416
9.4898	0.0480037	42.049
9.67347	0.0480037	41.6819
9.85714	0.0480037	41.3146
10.0408	0.0480037	40.9474
10.2245	0.0480037	40.5801
10.4082	0.0480037	40.2127
10.5918	0.0480037	39.8453
10.7755	0.0480037	39.4778
10.9592	0.0480037	39.1103
11.1429	0.0480037	38.7426
11.3265	0.0480037	38.3747
11.5102	0.0480037	38.0066
11.6939	0.0480037	37.6381
11.8776	0.0480037	37.2689
12.0612	0.0480037	36.8988
12.2449	0.0480037	36.5272
12.4286	0.0480037	36.1535
12.6122	0.0480037	35.7763
12.7959	0.0480037	35.3939
12.9796	0.0480037	35.0036
13.1633	0.0480037	34.6013
13.3469	0.0480037	34.1806
13.5306	0.0480037	33.7317
13.7143	0.0480037	33.2399
13.898	0.0480037	32.6826
14.0816	0.0480037	32.0254
14.2653	0.0480037	31.2155
14.449	0.0480037	30.1727
14.6327	0.0480037	28.7743
14.8163	0.0480037	26.8331
15	0.0480037	24.0634
6	0.0720056	46.9538
6.18367	0.0720056	47.3354
6.36735	0.0720056	47.4586
6.55102	0.0720056	47.4127
6.73469	0.0720056	47.2559
6.91837	0.0720056	47.0265
7.10204	0.0720056	46.7495
7.28571	0.0720056	46.4414
7.46939	0.0720056	46.1128
7.65306	0.0720056	45.7709
7.83673	0.0720056	45.4202
8.02041	0.0720056	45.0638
8.20408	0.0720056	44.7036
8.38776	0.0720056	44.3409
8.57143	0.0720056	43.9766
8.7551	0.0720056	43.6113
8.93878	0.0720056	43.2452
9.12245	0.0720056	42.8787
9.30612	0.0720056	42.512
9.4898	0.0720056	42.145
9.67347	0.0720056	41.7779
9.85714	0.0720056	41.4107
10.0408	0.0720056	41.0434
10.2245	0.0720056	40.6761
10.4082	0.0720056	40.3087
10.5918	0.0720056	39.9413
10.7755	0.0720056	39.5738
10.9592	0.0720056	39.2063
11.1429	0.0720056	38.8386
11.3265	0.0720056	38.4707
11.5102	0.0720056	38.1026
11.6939	0.0720056	37.7341
11.8776	0.0720056	37.3649
12.0612	0.0720056	36.9948
12.2449	0.0720056	36.6233
12.4286	0.0720056	36.2495
12.6122	0.0720056	35.8723
12.7959	0.0720056	35.4899
12.9796	0.0720056	35.0996
13.1633	0.0720056	34.6973
13.3469	0.0720056	34.2766
13.5306	0.0720056	33.8277
13.7143	0.0720056	33.3359
13.898	0.0720056	32.7786
14.0816	0.0720056	32.1214
14.2653	0.0720056	31.3115
14.449	0.0720056	30.2687
14.6327	0.0720056	28.8703
14.8163	0.0720056	26.9291
15	0.0720056	24.1594
6	0.0960074	47.0498
6.18367	0.0960074	47.4314
6.36735	0.0960074	47.5546
6.55102	0.0960074	47.5087
6.73469	0.0960074	47.3519
6.91837	0.0960074	47.1225
7.10204	0.0960074	46.8455
7.28571	0.0960074	46.5374
7.46939	0.0960074	46.2088
7.65306	0.0960074	45.8669
7.83673	0.0960074	45.5162
8.02041	0.0960074	45.1598
8.20408	0.0960074	44.7996
8.38776	0.0960074	44.4369
8.57143	0.0960074	44.0726
8.7551	0.0960074	43.7073
8.93878	0.0960074	43.3412
9.12245	0.0960074	42.9748
9.30612	0.0960074	42.608
9.4898	0.0960074	42.241
9.67347	0.0960074	41.8739
9.85714	0.0960074	41.5067
10.0408	0.0960074	41.1394
10.2245	0.0960074	40.7721
10.4082	0.0960074	40.4047
10.5918	0.0960074	40.0373
10.7755	0.0960074	39.6698
10.9592	0.0960074	39.3023
11.1429	0.0960074	38.9346
11.3265	0.0960074	38.5668
11.5102	0.0960074	38.1986
11.6939	0.0960074	37.8301
11.8776	0.0960074	37.4609
12.0612	0.0960074	37.0908
12.2449	0.0960074	36.7193
12.4286	0.0960074	36.3455
12.6122	0.0960074	35.9683
12.7959	0.0960074	35.5859
12.9796	0.0960074	35.1957
13.1633	0.0960074	34.7933
13.3469	0.0960074	34.3726
13.5306	0.0960074	33.9237
13.7143	0.0960074	33.4319
13.898	0.0960074	32.8747
14.0816	0.0960074	32.2174
14.2653	0.0960074	31.4075
14.449	0.0960074	30.3647
14.6327	0.0960074	28.9663
14.8163	0.0960074	27.0251
15	0.0960074	24.2554
6	0.120009	47.1458
6.18367	0.120009	47.5274
6.36735	0.120009	47.6506
6.55102	0.120009	47.6047
6.73469	0.120009	47.4479
6.91837	0.120009	47.2185
7.10204	0.120009	46.9415
7.28571	0.120009	46.6334
7.46939	0.120009	46.3048
7.65306	0.120009	45.9629
7.83673	0.120009	45.6122
8.02041	0.120009	45.2558
8.20408	0.120009	44.8956
8.38776	0.120009	44.5329
8.57143	0.120009	44.1686
8.7551	0.120009	43.8033
8.93878	0.120009	43.4372
9.12245	0.120009	43.0708
9.30612	0.120009	42.704
9.4898	0.120009	42.337
9.67347	0.120009	41.9699
9.85714	0.120009	41.6027
10.0408	0.120009	41.2354
10.2245	0.120009	40.8681
10.4082	0.120009	40.5007
10.5918	0.120009	40.1333
10.7755	0.120009	39.7658
10.9592	0.120009	39.3983
11.1429	0.120009	39.0306
11.3265	0.120009	38.6628
11.5102	0.120009	38.2946
11.6939	0.120009	37.9261
11.8776	0.120009	37.5569
12.0612	0.120009	37.1868
12.2449	0.120009	36.8153
12.4286	0.120009	36.4415
12.6122	0.120009	36.0643
12.7959	0.120009	35.6819
12.9796	0.120009	35.2917
13.1633	0.120009	34.8893
13.3469	0.120009	34.4686
13.5306	0.120009	34.0197
13.7143	0.120009	33.5279
13.898	0.120009	32.9707
14.0816	0.120009	32.3134
14.2653	0.120009	31.5035
14.449	0.120009	30.4607
14.6327	0.120009	29.0623
14.8163	0.120009	27.1211
15	0.120009	24.3514
6	0.144011	47.2418
6.18367	0.144011	47.6234
6.36735	0.144011	47.7466
6.55102	0.144011	47.7007
6.73469	0.144011	47.5439
6.91837	0.144011	47.3145
7.10204	0.144011	47.0376
7.28571	0.144011	46.7294
7.46939	0.144011	46.4009
7.65306	0.144011	46.0589
7.83673	0.144011	45.7082
8.02041	0.144011	45.3518
8.20408	0.144011	44.9916
8.38776	0.144011	44.6289
8.57143	0.144011	44.2646
8.7551	0.144011	43.8993
8.93878	0.144011	43.5333
9.12245	0.144011	43.1668
9.30612	0.144011	42.8
9.4898	0.144011	42.433
9.67347	0.144011	42.0659
9.85714	0.144011	41.6987
10.0408	0.144011	41.3314
10.2245	0.144011	40.9641
10.4082	0.144011	40.5967
10.5918	0.144011	40.2293
10.7755	0.144011	39.8618
10.9592	0.144011	39.4943
11.1429	0.144011	39.1266
11.3265	0.144011	38.7588
11.5102	0.144011	38.3906
11.6939	0.144011	38.0221
11.8776	0.144011	37.653
12.0612	0.144011	37.2828
12.2449	0.144011	36.9113
12.4286	0.144011	36.5375
12.6122	0.144011	36.1603
12.7959	0.144011	35.7779
12.9796	0.144011	35.3877
13.1633	0.144011	34.9853
13.3469	0.144011	34.5646
13.5306	0.144011	34.1157
13.7143	0.144011	33.6239
13.898	0.144011	33.0667
14.0816	0.144011	32.4094
14.2653	0.144011	31.5995
14.449	0.144011	30.5567
14.6327	0.144011	29.1583
14.8163	0.144011	27.2171
15	0.144011	24.4474
6	0.168013	47.3378
6.18367	0.168013	47.7194
6.36735	0.168013	47.8426
6.55102	0.168013	47.7967
6.73469	0.168013	47.6399
6.91837	0.168013	47.4105
7.10204	0.168013	47.1336
7.28571	0.168013	46.8254
7.46939	0.168013	46.4969
7.65306	0.168013	46.1549
7.83673	0.168013	45.8042
8.02041	0.168013	45.4478
8.20408	0.168013	45.0876
8.38776	0.168013	44.7249
8.57143	0.168013	44.3606
8.7551	0.168013	43.9953
8.93878	0.168013	43.6293
9.12245	0.168013	43.2628
9.30612	0.168013	42.896
9.4898	0.168013	42.529
9.67347	0.168013	42.1619
9.85714	0.168013	41.7947
10.0408	0.168013	41.4274
10.2245	0.168013	41.0601
10.4082	0.168013	40.6927
10.5918	0.168013	40.3253
10.7755	0.168013	39.9578
10.9592	0.168013	39.5903
11.1429	0.168013	39.2226
11.3265	0.168013	38.8548
11.5102	0.168013	38.4867
11.6939	0.168013	38.1181
11.8776	0.168013	37.749
12.0612	0.168013	37.3789
12.2449	0.168013	37.0073
12.4286	0.168013	36.6335
12.6122	0.168013	36.2563
12.7959	0.168013	35.8739
12.9796	0.168013	35.4837
13.1633	0.168013	35.0813
13.3469	0.168013	34.6606
13.5306	0.168013	34.2117
13.7143	0.168013	33.72
13.898	0.168013	33.1627
14.0816	0.168013	32.5054
14.2653	0.168013	31.6955
14.449	0.168013	30.6527
14.6327	0.168013	29.2543
14.8163	0.168013	27.3131
15	0.168013	24.5434
6	0.192015	47.4339
6.18367	0.192015	47.8154
6.36735	0.192015	47.9387
6.55102	0.192015	47.8927
6.73469	0.192015	47.7359
6.91837	0.192015	47.5065
7.10204	0.192015	47.2296
7.28571	0.192015	46.9214
7.46939	0.192015	46.5929
7.65306	0.192015	46.2509
7.83673	0.192015	45.9002
8.02041	0.192015	45.5438
8.20408	0.192015	45.1836
8.38776	0.192015	44.8209
8.57143	0.192015	44.4566
8.7551	0.192015	44.0913
8.93878	0.192015	43.7253
9.12245	0.192015	43.3588
9.30612	0.192015	42.992
9.4898	0.192015	42.625
9.67347	0.192015	42.2579
9.85714	0.192015	41.8907
10.0408	0.192015	41.5234
10.2245	0.192015	41.1561
10.4082	0.192015	40.7887
10.5918	0.192015	40.4213
10.7755	0.192015	40.0539
10.9592	0.192015	39.6863
11.1429	0.192015	39.3186
11.3265	0.192015	38.9508
11.5102	0.192015	38.5827
11.6939	0.192015	38.2141
11.8776	0.192015	37.845
12.0612	0.192015	37.4749
12.2449	0.192015	37.1033
12.4286	0.192015	36.7295
12.6122	0.192015	36.3523
12.7959	0.192015	35.97
12.9796	0.192015	35.5797
13.1633	0.192015	35.1774
13.3469	0.192015	34.7566
13.5306	0.192015	34.3077
13.7143	0.192015	33.816
13.898	0.192015	33.2587
14.0816	0.192015	32.6014
14.2653	0.192015	31.7916
14.449	0.192015	30.7487
14.6327	0.192015	29.3503
14.8163	0.192015	27.4091
15	0.192015	24.6394
6	0.216017	47.5299
6.18367	0.216017	47.9114
6.36735	0.216017	48.0347
6.55102	0.216017	47.9887
6.73469	0.216017	47.8319
6.91837	0.216017	47.6026
7.10204	0.216017	47.3256
7.28571	0.216017	47.0174
7.46939	0.216017	46.6889
7.65306	0.216017	46.3469
7.83673	0.216017	45.9962
8.02041	0.216017	45.6398
8.20408	0.216017	45.2796
8.38776	0.216017	44.9169
8.57143	0.216017	44.5527
8.7551	0.216017	44.1873
8.93878	0.216017	43.8213
9.12245	0.216017	43.4548
9.30612	0.216017	43.088
9.4898	0.216017	42.721
9.67347	0.216017	42.3539
9.85714	0.216017	41.9867
10.0408	0.216017	41.6194
10.2245	0.216017	41.2521
10.4082	0.216017	40.8847
10.5918	0.216017	40.5173
10.7755	0.216017	40.1499
10.9592	0.216017	39.7823
11.1429	0.216017	39.4146
11.3265	0.216017	39.0468
11.5102	0.216017	38.6787
11.6939	0.216017	38.3101
11.8776	0.216017	37.941
12.0612	0.216017	37.5709
12.2449	0.216017	37.1993
12.4286	0.216017	36.8255
12.6122	0.216017	36.4483
12.7959	0.216017	36.066
12.9796	0.216017	35.6757
13.1633	0.216017	35.2734
13.3469	0.216017	34.8526
13.5306	0.216017	34.4037
13.7143	0.216017	33.912
13.898	0.216017	33.3547
14.0816	0.216017	32.6974
14.2653	0.216017	31.8876
14.449	0.216017	30.8447
14.6327	0.216017	29.4463
14.8163	0.216017	27.5051
15	0.216017	24.7354
6	0.240019	47.6259
6.18367	0.240019	48.0074
6.36735	0.240019	48.1307
6.55102	0.240019	48.0847
6.73469	0.240019	47.928
6.91837	0.240019	47.6986
7.10204	0.240019	47.4216
7.28571	0.240019	47.1134
7.46939	0.240019	46.7849
7.65306	0.240019	46.443
7.83673	0.240019	46.0923
8.02041	0.240019	45.7358
8.20408	0.240019	45.3756
8.38776	0.240019	45.0129
8.57143	0.240019	44.6487
8.7551	0.240019	44.2833
8.93878	0.240019	43.9173
9.12245	0.240019	43.5508
9.30612	0.240019	43.184
9.4898	0.240019	42.817
9.67347	0.240019	42.4499
9.85714	0.240019	42.0827
10.0408	0.240019	41.7154
10.2245	0.240019	41.3481
10.4082	0.240019	40.9808
10.5918	0.240019	40.6133
10.7755	0.240019	40.2459
10.9592	0.240019	39.8783
11.1429	0.240019	39.5106
11.3265	0.240019	39.1428
11.5102	0.240019	38.7747
11.6939	0.240019	38.4061
11.8776	0.240019	38.037
12.0612	0.240019	37.6669
12.2449	0.240019	37.2953
12.4286	0.240019	36.9215
12.6122	0.240019	36.5443
12.7959	0.240019	36.162
12.9796	0.240019	35.7717
13.1633	0.240019	35.3694
13.3469	0.240019	34.9486
13.5306	0.240019	34.4998
13.7143	0.240019	34.008
13.898	0.240019	33.4507
14.0816	0.240019	32.7934
14.2653	0.240019	31.9836
14.449	0.240019	30.9407
14.6327	0.240019	29.5423
14.8163	0.240019	27.6011
15	0.240019	24.8315
6	0.26402	47.7219
6.18367	0.26402	48.1034
6.36735	0.26402	48.2267
6.55102	0.26402	48.1807
6.73469	0.26402	48.024
6.91837	0.26402	47.7946
7.10204	0.26402	47.5176
7.28571	0.26402	47.2095
7.46939	0.26402	46.8809
7.65306	0.26402	46.539
7.83673	0.26402	46.1883
8.02041	0.26402	45.8318
8.20408	0.26402	45.4716
8.38776	0.26402	45.1089
8.57143	0.26402	44.7447
8.7551	0.26402	44.3793
8.93878	0.26402	44.0133
9.12245	0.26402	43.6468
9.30612	0.26402	43.28
9.4898	0.26402	42.913
9.67347	0.26402	42.5459
9.85714	0.26402	42.1787
10.0408	0.26402	41.8114
10.2245	0.26402	41.4441
10.4082	0.26402	41.0768
10.5918	0.26402	40.7094
10.7755	0.26402	40.3419
10.9592	0.26402	39.9743
11.1429	0.26402	39.6067
11.3265	0.26402	39.2388
11.5102	0.26402	38.8707
11.6939	0.26402	38.5022
11.8776	0.26402	38.133
12.0612	0.26402	37.7629
12.2449	0.26402	37.3913
12.4286	0.26402	37.0175
12.6122	0.26402	36.6403
12.7959	0.26402	36.258
12.9796	0.26402	35.8677
13.1633	0.26402	35.4654
13.3469	0.26402	35.0446
13.5306	0.26402	34.5958
13.7143	0.26402	34.104
13.898	0.26402	33.5467
14.0816	0.26402	32.8894
14.2653	0.26402	32.0796
14.449	0.26402	31.0367
14.6327	0.26402	29.6383
14.8163	0.26402	27.6971
15	0.26402	24.9275
6	0.288022	47.8179
6.18367	0.288022	48.1994
6.36735	0.288022	48.3227
6.55102	0.288022	48.2768
6.73469	0.288022	48.12
6.91837	0.288022	47.8906
7.10204	0.288022	47.6136
7.28571	0.288022	47.3055
7.46939	0.288022	46.9769
7.65306	0.288022	46.635
7.83673	0.288022	46.2843
8.02041	0.288022	45.9278
8.20408	0.288022	45.5676
8.38776	0.288022	45.205
8.57143	0.288022	44.8407
8.7551	0.288022	44.4753
8.93878	0.288022	44.1093
9.12245	0.288022	43.7428
9.30612	0.288022	43.376
9.4898	0.288022	43.009
9.67347	0.288022	42.6419
9.85714	0.288022	42.2747
10.0408	0.288022	41.9075
10.2245	0.288022	41.5401
10.4082	0.288022	41.1728
10.5918	0.288022	40.8054
10.7755	0.288022	40.4379
10.9592	0.288022	40.0703
11.1429	0.288022	39.7027
11.3265	0.288022	39.3348
11.5102	0.288022	38.9667
11.6939	0.288022	38.5982
11.8776	0.288022	38.229
12.0612	0.288022	37.8589
12.2449	0.288022	37.4873
12.4286	0.288022	37.1135
12.6122	0.288022	36.7363
12.7959	0.288022	36.354
12.9796	0.288022	35.9637
13.1633	0.288022	35.5614
13.3469	0.288022	35.1406
13.5306	0.288022	34.6918
13.7143	0.288022	34.2
13.898	0.288022	33.6427
14.0816	0.288022	32.9855
14.2653	0.288022	32.1756
14.449	0.288022	31.1328
14.6327	0.288022	29.7343
14.8163	0.288022	27.7932
15	0.288022	25.0235
6	0.312024	47.9139
6.18367	0.312024	48.2954
6.36735	0.312024	48.4187
6.55102	0.312024	48.3728
6.73469	0.312024	48.216
6.91837	0.312024	47.9866
7.10204	0.312024	47.7096
7.28571	0.312024	47.4015
7.46939	0.312024	47.0729
7.65306	0.312024	46.731
7.83673	0.312024	46.3803
8.02041	0.312024	46.0238
8.20408	0.312024	45.6636
8.38776	0.312024	45.301
8.57143	0.312024	44.9367
8.7551	0.312024	44.5713
8.93878	0.312024	44.2053
9.12245	0.312024	43.8388
9.30612	0.312024	43.472
9.4898	0.312024	43.1051
9.67347	0.312024	42.7379
9.85714	0.312024	42.3707
10.0408	0.312024	42.0035
10.2245	0.312024	41.6361
10.4082	0.312024	41.2688
10.5918	0.312024	40.9014
10.7755	0.312024	40.5339
10.9592	0.312024	40.1663
11.1429	0.312024	39.7987
11.3265	0.312024	39.4308
11.5102	0.312024	39.0627
11.6939	0.312024	38.6942
11.8776	0.312024	38.325
12.0612	0.312024	37.9549
12.2449	0.312024	37.5833
12.4286	0.312024	37.2095
12.6122	0.312024	36.8324
12.7959	0.312024	36.45
12.9796	0.312024	36.0597
13.1633	0.312024	35.6574
13.3469	0.312024	35.2366
13.5306	0.312024	34.7878
13.7143	0.312024	34.296
13.898	0.312024	33.7387
14.0816	0.312024	33.0815
14.2653	0.312024	32.2716
14.449	0.312024	31.2288
14.6327	0.312024	29.8303
14.8163	0.312024	27.8892
15	0.312024	25.1195
6	0.336026	48.0099
6.18367	0.336026	48.3914
6.36735	0.336026	48.5147
6.55102	0.336026	48.4688
6.73469	0.336026	48.312
6.91837	0.336026	48.0826
7.10204	0.336026	47.8056
7.28571	0.336026	47.4975
7.46939	0.336026	47.1689
7.65306	0.336026	46.827
7.83673	0.336026	46.4763
8.02041	0.336026	46.1198
8.20408	0.336026	45.7596
8.38776	0.336026	45.397
8.57143	0.336026	45.0327
8.7551	0.336026	44.6673
8.93878	0.336026	44.3013
9.12245	0.336026	43.9348
9.30612	0.336026	43.568
9.4898	0.336026	43.2011
9.67347	0.336026	42.8339
9.85714	0.336026	42.4667
10.0408	0.336026	42.0995
10.2245	0.336026	41.7321
10.4082	0.336026	41.3648
10.5918	0.336026	40.9974
10.7755	0.336026	40.6299
10.9592	0.336026	40.2623
11.1429	0.336026	39.8947
11.3265	0.336026	39.5268
11.5102	0.336026	39.1587
11.6939	0.336026	38.7902
11.8776	0.336026	38.421
12.0612	0.336026	38.0509
12.2449	0.336026	37.6793
12.4286	0.336026	37.3055
12.6122	0.336026	36.9284
12.7959	0.336026	36.546
12.9796	0.336026	36.1557
13.1633	0.336026	35.7534
13.3469	0.336026	35.3326
13.5306	0.336026	34.8838
13.7143	0.336026	34.392
13.898	0.336026	33.8347
14.0816	0.336026	33.1775
14.2653	0.336026	32.3676
14.449	0.336026	31.3248
14.6327	0.336026	29.9264
14.8163	0.336026	27.9852
15	0.336026	25.2155
6	0.360028	48.1059
6.18367	0.360028	48.4874
6.36735	0.360028	48.6107
6.55102	0.360028	48.5648
6.73469	0.360028	48.408
6.91837	0.360028	48.1786
7.10204	0.360028	47.9016
7.28571	0.360028	47.5935
7.46939	0.360028	47.2649
7.65306	0.360028	46.923
7.83673	0.360028	46.5723
8.02041	0.360028	46.2158
8.20408	0.360028	45.8556
8.38776	0.360028	45.493
8.57143	0.360028	45.1287
8.7551	0.360028	44.7634
8.93878	0.360028	44.3973
9.12245	0.360028	44.0308
9.30612	0.360028	43.664
9.4898	0.360028	43.2971
9.67347	0.360028	42.9299
9.85714	0.360028	42.5627
10.0408	0.360028	42.1955
10.2245	0.360028	41.8282
10.4082	0.360028	41.4608
10.5918	0.360028	41.0934
10.7755	0.360028	40.7259
10.9592	0.360028	40.3584
11.1429	0.360028	39.9907
11.3265	0.360028	39.6228
11.5102	0.360028	39.2547
11.6939	0.360028	38.8862
11.8776	0.360028	38.517
12.0612	0.360028	38.1469
12.2449	0.360028	37.7753
12.4286	0.360028	37.4016
12.6122	0.360028	37.0244
12.7959	0.360028	36.642
12.9796	0.360028	36.2517
13.1633	0.360028	35.8494
13.3469	0.360028	35.4287
13.5306	0.360028	34.9798
13.7143	0.360028	34.488
13.898	0.360028	33.9307
14.0816	0.360028	33.2735
14.2653	0.360028	32.4636
14.449	0.360028	31.4208
14.6327	0.360028	30.0224
14.8163	0.360028	28.0812
15	0.360028	25.3115
6	0.38403	48.2019
6.18367	0.38403	48.5834
6.36735	0.38403	48.7067
6.55102	0.38403	48.6608
6.73469	0.38403	48.504
6.91837	0.38403	48.2746
7.10204	0.38403	47.9976
7.28571	0.38403	47.6895
7.46939	0.38403	47.3609
7.65306	0.38403	47.019
7.83673	0.38403	46.6683
8.02041	0.38403	46.3119
8.20408	0.38403	45.9517
8.38776	0.38403	45.589
8.57143	0.38403	45.2247
8.7551	0.38403	44.8594
8.93878	0.38403	44.4933
9.12245	0.38403	44.1268
9.30612	0.38403	43.7601
9.4898	0.38403	43.3931
9.67347	0.38403	43.026
9.85714	0.38403	42.6588
10.0408	0.38403	42.2915
10.2245	0.38403	41.9242
10.4082	0.38403	41.5568
10.5918	0.38403	41.1894
10.7755	0.38403	40.8219
10.9592	0.38403	40.4544
11.1429	0.38403	40.0867
11.3265	0.38403	39.7188
11.5102	0.38403	39.3507
11.6939	0.38403	38.9822
11.8776	0.38403	38.613
12.0612	0.38403	38.2429
12.2449	0.38403	37.8713
12.4286	0.38403	37.4976
12.6122	0.38403	37.1204
12.7959	0.38403	36.738
12.9796	0.38403	36.3477
13.1633	0.38403	35.9454
13.3469	0.38403	35.5247
13.5306	0.38403	35.0758
13.7143	0.38403	34.584
13.898	0.38403	34.0267
14.0816	0.38403	33.3695
14.2653	0.38403	32.5596
14.449	0.38403	31.5168
14.6327	0.38403	30.1184
14.8163	0.38403	28.1772
15	0.38403	25.4075
6	0.408032	48.2979
6.18367	0.408032	48.6795
6.36735	0.408032	48.8027
6.55102	0.408032	48.7568
6.73469	0.408032	48.6
6.91837	0.408032	48.3706
7.10204	0.408032	48.0936
7.28571	0.408032	47.7855
7.46939	0.408032	47.4569
7.65306	0.408032	47.115
7.83673	0.408032	46.7643
8.02041	0.408032	46.4079
8.20408	0.408032	46.0477
8.38776	0.408032	45.685
8.57143	0.408032	45.3207
8.7551	0.408032	44.9554
8.93878	0.408032	44.5893
9.12245	0.408032	44.2229
9.30612	0.408032	43.8561
9.4898	0.408032	43.4891
9.67347	0.408032	43.122
9.85714	0.408032	42.7548
10.0408	0.408032	42.3875
10.2245	0.408032	42.0202
10.4082	0.408032	41.6528
10.5918	0.408032	41.2854
10.7755	0.408032	40.9179
10.9592	0.408032	40.5504
11.1429	0.408032	40.1827
11.3265	0.408032	39.8148
11.5102	0.408032	39.4467
11.6939	0.408032	39.0782
11.8776	0.408032	38.709
12.0612	0.408032	38.3389
12.2449	0.408032	37.9674
12.4286	0.408032	37.5936
12.6122	0.408032	37.2164
12.7959	0.408032	36.834
12.9796	0.408032	36.4438
13.1633	0.408032	36.0414
13.3469	0.408032	35.6207
13.5306	0.408032	35.1718
13.7143	0.408032	34.68
13.898	0.408032	34.1228
14.0816	0.408032	33.4655
14.2653	0.408032	32.6556
14.449	0.408032	31.6128
14.6327	0.408032	30.2144
14.8163	0.408032	28.2732
15	0.408032	25.5035
6	0.432034	48.3939
6.18367	0.432034	48.7755
6.36735	0.432034	48.8987
6.55102	0.432034	48.8528
6.73469	0.432034	48.696
6.91837	0.432034	48.4666
7.10204	0.432034	48.1896
7.28571	0.432034	47.8815
7.46939	0.432034	47.5529
7.65306	0.432034	47.211
7.83673	0.432034	46.8603
8.02041	0.432034	46.5039
8.20408	0.432034	46.1437
8.38776	0.432034	45.781
8.57143	0.432034	45.4167
8.7551	0.432034	45.0514
8.93878	0.432034	44.6853
9.12245	0.432034	44.3189
9.30612	0.432034	43.9521
9.4898	0.432034	43.5851
9.67347	0.432034	43.218
9.85714	0.432034	42.8508
10.0408	0.432034	42.4835
10.2245	0.432034	42.1162
10.4082	0.432034	41.7488
10.5918	0.432034	41.3814
10.7755	0.432034	41.0139
10.9592	0.432034	40.6464
11.1429	0.432034	40.2787
11.3265	0.432034	39.9109
11.5102	0.432034	39.5427
11.6939	0.432034	39.1742
11.8776	0.432034	38.805
12.0612	0.432034	38.4349
12.2449	0.432034	38.0634
12.4286	0.432034	37.6896
12.6122	0.432034	37.3124
12.7959	0.432034	36.93
12.9796	0.432034	36.5398
13.1633	0.432034	36.1374
13.3469	0.432034	35.7167
13.5306	0.432034	35.2678
13.7143	0.432034	34.776
13.898	0.432034	34.2188
14.0816	0.432034	33.5615
14.2653	0.432034	32.7516
14.449	0.432034	31.7088
14.6327	0.432034	30.3104
14.8163	0.432034	28.3692
15	0.432034	25.5995
6	0.456035	48.4899
6.18367	0.456035	48.8715
6.36735	0.456035	48.9947
6.55102	0.456035	48.9488
6.73469	0.456035	48.792
6.91837	0.456035	48.5626
7.10204	0.456035	48.2857
7.28571	0.456035	47.9775
7.46939	0.456035	47.649
7.65306	0.456035	47.307
7.83673	0.456035	46.9563
8.02041	0.456035	46.5999
8.20408	0.456035	46.2397
8.38776	0.456035	45.877
8.57143	0.456035	45.5127
8.7551	0.456035	45.1474
8.93878	0.456035	44.7814
9.12245	0.456035	44.4149
9.30612	0.456035	44.0481
9.4898	0.456035	43.6811
9.67347	0.456035	43.314
9.85714	0.456035	42.9468
10.0408	0.456035	42.5795
10.2245	0.456035	42.2122
10.4082	0.456035	41.8448
10.5918	0.456035	41.4774
10.7755	0.456035	41.1099
10.9592	0.456035	40.7424
11.1429	0.456035	40.3747
11.3265	0.456035	40.0069
11.5102	0.456035	39.6387
11.6939	0.456035	39.2702
11.8776	0.456035	38.9011
12.0612	0.456035	38.5309
12.2449	0.456035	38.1594
12.4286	0.456035	37.7856
12.6122	0.456035	37.4084
12.7959	0.456035	37.026
12.9796	0.456035	36.6358
13.1633	0.456035	36.2334
13.3469	0.456035	35.8127
13.5306	0.456035	35.3638
13.7143	0.456035	34.872
13.898	0.456035	34.3148
14.0816	0.456035	33.6575
14.2653	0.456035	32.8476
14.449	0.456035	31.8048
14.6327	0.456035	30.4064
14.8163	0.456035	28.4652
15	0.456035	25.6955
6	0.480037	48.5859
6.18367	0.480037	48.9675
6.36735	0.480037	49.0907
6.55102	0.480037	49.0448
6.73469	0.480037	48.888
6.91837	0.480037	48.6586
7.10204	0.480037	48.3817
7.28571	0.480037	48.0735
7.46939	0.480037	47.745
7.65306	0.480037	47.403
7.83673	0.480037	47.0523
8.02041	0.480037	46.6959
8.20408	0.480037	46.3357
8.38776	0.480037	45.973
8.57143	0.480037	45.6087
8.7551	0.480037	45.2434
8.93878	0.480037	44.8774
9.12245	0.480037	44.5109
9.30612	0.480037	44.1441
9.4898	0.480037	43.7771
9.67347	0.480037	43.41
9.85714	0.480037	43.0428
10.0408	0.480037	42.6755
10.2245	0.480037	42.3082
10.4082	0.480037	41.9408
10.5918	0.480037	41.5734
10.7755	0.480037	41.2059
10.9592	0.480037	40.8384
11.1429	0.480037	40.4707
11.3265	0.480037	40.1029
11.5102	0.480037	39.7347
11.6939	0.480037	39.3662
11.8776	0.480037	38.9971
12.0612	0.480037	38.6269
12.2449	0.480037	38.2554
12.4286	0.480037	37.8816
12.6122	0.480037	37.5044
12.7959	0.480037	37.122
12.9796	0.480037	36.7318
13.1633	0.480037	36.3294
13.3469	0.480037	35.9087
13.5306	0.480037	35.4598
13.7143	0.480037	34.9681
13.898	0.480037	34.4108
14.0816	0.480037	33.7535
14.2653	0.480037	32.9436
14.449	0.480037	31.9008
14.6327	0.480037	30.5024
14.8163	0.480037	28.5612
15	0.480037	25.7915
6	0.504039	48.682
6.18367	0.504039	49.0635
6.36735	0.504039	49.1868
6.55102	0.504039	49.1408
6.73469	0.504039	48.984
6.91837	0.504039	48.7546
7.10204	0.504039	48.4777
7.28571	0.504039	48.1695
7.46939	0.504039	47.841
7.65306	0.504039	47.499
7.83673	0.504039	47.1483
8.02041	0.504039	46.7919
8.20408	0.504039	46.4317
8.38776	0.504039	46.069
8.57143	0.504039	45.7047
8.7551	0.504039	45.3394
8.93878	0.504039	44.9734
9.12245	0.504039	44.6069
9.30612	0.504039	44.2401
9.4898	0.504039	43.8731
9.67347	0.504039	43.506
9.85714	0.504039	43.1388
10.0408	0.504039	42.7715
10.2245	0.504039	42.4042
10.4082	0.504039	42.0368
10.5918	0.504039	41.6694
10.7755	0.504039	41.302
10.9592	0.504039	40.9344
11.1429	0.504039	40.5667
11.3265	0.504039	40.1989
11.5102	0.504039	39.8308
11.6939	0.504039	39.4622
11.8776	0.504039	39.0931
12.0612	0.504039	38.723
12.2449	0.504039	38.3514
12.4286	0.504039	37.9776
12.6122	0.504039	37.6004
12.7959	0.504039	37.218
12.9796	0.504039	36.8278
13.1633	0.504039	36.4254
13.3469	0.504039	36.0047
13.5306	0.504039	35.5558
13.7143	0.504039	35.0641
13.898	0.504039	34.5068
14.0816	0.504039	33.8495
14.2653	0.504039	33.0396
14.449	0.504039	31.9968
14.6327	0.504039	30.5984
14.8163	0.504039	28.6572
15	0.504039	25.8875
6	0.528041	48.778
6.18367	0.528041	49.1595
6.36735	0.528041	49.2828
6.55102	0.528041	49.2368
6.73469	0.528041	49.08
6.91837	0.528041	48.8506
7.10204	0.528041	48.5737
7.28571	0.528041	48.2655
7.46939	0.528041	47.937
7.65306	0.528041	47.595
7.83673	0.528041	47.2443
8.02041	0.528041	46.8879
8.20408	0.528041	46.5277
8.38776	0.528041	46.165
8.57143	0.528041	45.8007
8.7551	0.528041	45.4354
8.93878	0.528041	45.0694
9.12245	0.528041	44.7029
9.30612	0.528041	44.3361
9.4898	0.528041	43.9691
9.67347	0.528041	43.602
9.85714	0.528041	43.2348
10.0408	0.528041	42.8675
10.2245	0.528041	42.5002
10.4082	0.528041	42.1328
10.5918	0.528041	41.7654
10.7755	0.528041	41.398
10.9592	0.528041	41.0304
11.1429	0.528041	40.6627
11.3265	0.528041	40.2949
11.5102	0.528041	39.9268
11.6939	0.528041	39.5582
11.8776	0.528041	39.1891
12.0612	0.528041	38.819
12.2449	0.528041	38.4474
12.4286	0.528041	38.0736
12.6122	0.528041	37.6964
12.7959	0.528041	37.3141
12.9796	0.528041	36.9238
13.1633	0.528041	36.5215
13.3469	0.528041	36.1007
13.5306	0.528041	35.6518
13.7143	0.528041	35.1601
13.898	0.528041	34.6028
14.0816	0.528041	33.9455
14.2653	0.528041	33.1357
14.449	0.528041	32.0928
14.6327	0.528041	30.6944
14.8163	0.528041	28.7532
15	0.528041	25.9835
6	0.552043	48.874
6.18367	0.552043	49.2555
6.36735	0.552043	49.3788
6.55102	0.552043	49.3328
6.73469	0.552043	49.1761
6.91837	0.552043	48.9467
7.10204	0.552043	48.6697
7.28571	0.552043	48.3615
7.46939	0.552043	48.033
7.65306	0.552043	47.691
7.83673	0.552043	47.3403
8.02041	0.552043	46.9839
8.20408	0.552043	46.6237
8.38776	0.552043	46.261
8.57143	0.552043	45.8968
8.7551	0.552043	45.5314
8.93878	0.552043	45.1654
9.12245	0.552043	44.7989
9.30612	0.552043	44.4321
9.4898	0.552043	44.0651
9.67347	0.552043	43.698
9.85714	0.552043	43.3308
10.0408	0.552043	42.9635
10.2245	0.552043	42.5962
10.4082	0.552043	42.2289
10.5918	0.552043	41.8614
10.7755	0.552043	41.494
10.9592	0.552043	41.1264
11.1429	0.552043	40.7587
11.3265	0.552043	40.3909
11.5102	0.552043	40.0228
11.6939	0.552043	39.6542
11.8776	0.552043	39.2851
12.0612	0.552043	38.915
12.2449	0.552043	38.5434
12.4286	0.552043	38.1696
12.6122	0.552043	37.7924
12.7959	0.552043	37.4101
12.9796	0.552043	37.0198
13.1633	0.552043	36.6175
13.3469	0.552043	36.1967
13.5306	0.552043	35.7478
13.7143	0.552043	35.2561
13.898	0.552043	34.6988
14.0816	0.552043	34.0415
14.2653	0.552043	33.2317
14.449	0.552043	32.1888
14.6327	0.552043	30.7904
14.8163	0.552043	28.8492
15	0.552043	26.0795
6	0.576045	48.97
6.18367	0.576045	49.3515
6.36735	0.576045	49.4748
6.55102	0.576045	49.4288
6.73469	0.576045	49.2721
6.91837	0.576045	49.0427
7.10204	0.576045	48.7657
7.28571	0.576045	48.4575
7.46939	0.576045	48.129
7.65306	0.576045	47.7871
7.83673	0.576045	47.4364
8.02041	0.576045	47.0799
8.20408	0.576045	46.7197
8.38776	0.576045	46.357
8.57143	0.576045	45.9928
8.7551	0.576045	45.6274
8.93878	0.576045	45.2614
9.12245	0.576045	44.8949
9.30612	0.576045	44.5281
9.4898	0.576045	44.1611
9.67347	0.576045	43.794
9.85714	0.576045	43.4268
10.0408	0.576045	43.0595
10.2245	0.576045	42.6922
10.4082	0.576045	42.3249
10.5918	0.576045	41.9574
10.7755	0.576045	41.59
10.9592	0.576045	41.2224
11.1429	0.576045	40.8548
11.3265	0.576045	40.4869
11.5102	0.576045	40.1188
11.6939	0.576045	39.7502
11.8776	0.576045	39.3811
12.0612	0.576045	39.011
12.2449	0.576045	38.6394
12.4286	0.576045	38.2656
12.6122	0.576045	37.8884
12.7959	0.576045	37.5061
12.9796	0.576045	37.1158
13.1633	0.576045	36.7135
13.3469	0.576045	36.2927
13.5306	0.576045	35.8439
13.7143	0.576045	35.3521
13.898	0.576045	34.7948
14.0816	0.576045	34.1375
14.2653	0.576045	33.3277
14.449	0.576045	32.2848
14.6327	0.576045	30.8864
14.8163	0.576045	28.9452
15	0.576045	26.1756
6	0.600047	49.066
6.18367	0.600047	49.4475
6.36735	0.600047	49.5708
6.55102	0.600047	49.5248
6.73469	0.600047	49.3681
6.91837	0.600047	49.1387
7.10204	0.600047	48.8617
7.28571	0.600047	48.5536
7.46939	0.600047	48.225
7.65306	0.600047	47.8831
7.83673	0.600047	47.5324
8.02041	0.600047	47.1759
8.20408	0.600047	46.8157
8.38776	0.600047	46.4531
8.57143	0.600047	46.0888
8.7551	0.600047	45.7234
8.93878	0.600047	45.3574
9.12245	0.600047	44.9909
9.30612	0.600047	44.6241
9.4898	0.600047	44.2571
9.67347	0.600047	43.89
9.85714	0.600047	43.5228
10.0408	0.600047	43.1555
10.2245	0.600047	42.7882
10.4082	0.600047	42.4209
10.5918	0.600047	42.0535
10.7755	0.600047	41.686
10.9592	0.600047	41.3184
11.1429	0.600047	40.9508
11.3265	0.600047	40.5829
11.5102	0.600047	40.2148
11.6939	0.600047	39.8463
11.8776	0.600047	39.4771
12.0612	0.600047	39.107
12.2449	0.600047	38.7354
12.4286	0.600047	38.3616
12.6122	0.600047	37.9844
12.7959	0.600047	37.6021
12.9796	0.600047	37.2118
13.1633	0.600047	36.8095
13.3469	0.600047	36.3887
13.5306	0.600047	35.9399
13.7143	0.600047	35.4481
13.898	0.600047	34.8908
14.0816	0.600047	34.2336
14.2653	0.600047	33.4237
14.449	0.600047	32.3808
14.6327	0.600047	30.9824
14.8163	0.600047	29.0412
15	0.600047	26.2716
6	0.624048	49.162
6.18367	0.624048	49.5435
6.36735	0.624048	49.6668
6.55102	0.624048	49.6209
6.73469	0.624048	49.4641
6.91837	0.624048	49.2347
7.10204	0.624048	48.9577
7.28571	0.624048	48.6496
7.46939	0.624048	48.321
7.65306	0.624048	47.9791
7.83673	0.624048	47.6284
8.02041	0.624048	47.2719
8.20408	0.624048	46.9117
8.38776	0.624048	46.5491
8.57143	0.624048	46.1848
8.7551	0.624048	45.8194
8.93878	0.624048	45.4534
9.12245	0.624048	45.0869
9.30612	0.624048	44.7201
9.4898	0.624048	44.3531
9.67347	0.624048	43.986
9.85714	0.624048	43.6188
10.0408	0.624048	43.2516
10.2245	0.624048	42.8842
10.4082	0.624048	42.5169
10.5918	0.624048	42.1495
10.7755	0.624048	41.782
10.9592	0.624048	41.4144
11.1429	0.624048	41.0468
11.3265	0.624048	40.6789
11.5102	0.624048	40.3108
11.6939	0.624048	39.9423
11.8776	0.624048	39.5731
12.0612	0.624048	39.203
12.2449	0.624048	38.8314
12.4286	0.624048	38.4576
12.6122	0.624048	38.0804
12.7959	0.624048	37.6981
12.9796	0.624048	37.3078
13.1633	0.624048	36.9055
13.3469	0.624048	36.4847
13.5306	0.624048	36.0359
13.7143	0.624048	35.5441
13.898	0.624048	34.9868
14.0816	0.624048	34.3296
14.2653	0.624048	33.5197
14.449	0.624048	32.4769
14.6327	0.624048	31.0784
14.8163	0.624048	29.1373
15	0.624048	26.3676
6	0.64805	49.258
6.18367	0.64805	49.6395
6.36735	0.64805	49.7628
6.55102	0.64805	49.7169
6.73469	0.64805	49.5601
6.91837	0.64805	49.3307
7.10204	0.64805	49.0537
7.28571	0.64805	48.7456
7.46939	0.64805	48.417
7.65306	0.64805	48.0751
7.83673	0.64805	47.7244
8.02041	0.64805	47.3679
8.20408	0.64805	47.0077
8.38776	0.64805	46.6451
8.57143	0.64805	46.2808
8.7551	0.64805	45.9154
8.93878	0.64805	45.5494
9.12245	0.64805	45.1829
9.30612	0.64805	44.8161
9.4898	0.64805	44.4492
9.67347	0.64805	44.082
9.85714	0.64805	43.7148
10.0408	0.64805	43.3476
10.2245	0.64805	42.9802
10.4082	0.64805	42.6129
10.5918	0.64805	42.2455
10.7755	0.64805	41.878
10.9592	0.64805	41.5104
11.1429	0.64805	41.1428
11.3265	0.64805	40.7749
11.5102	0.64805	40.4068
11.6939	0.64805	40.0383
11.8776	0.64805	39.6691
12.0612	0.64805	39.299
12.2449	0.64805	38.9274
12.4286	0.64805	38.5536
12.6122	0.64805	38.1765
12.7959	0.64805	37.7941
12.9796	0.64805	37.4038
13.1633	0.64805	37.0015
13.3469	0.64805	36.5807
13.5306	0.64805	36.1319
13.7143	0.64805	35.6401
13.898	0.64805	35.0828
14.0816	0.64805	34.4256
14.2653	0.64805	33.6157
14.449	0.64805	32.5729
14.6327	0.64805	31.1745
14.8163	0.64805	29.2333
15	0.64805	26.4636
6	0.672052	49.354
6.18367	0.672052	49.7355
6.36735	0.672052	49.8588
6.55102	0.672052	49.8129
6.73469	0.672052	49.6561
6.91837	0.672052	49.4267
7.10204	0.672052	49.1497
7.28571	0.672052	48.8416
7.46939	0.672052	48.513
7.65306	0.672052	48.1711
7.83673	0.672052	47.8204
8.02041	0.672052	47.4639
8.20408	0.672052	47.1037
8.38776	0.672052	46.7411
8.57143	0.672052	46.3768
8.7551	0.672052	46.0115
8.93878	0.672052	45.6454
9.12245	0.672052	45.2789
9.30612	0.672052	44.9121
9.4898	0.672052	44.5452
9.67347	0.672052	44.178
9.85714	0.672052	43.8108
10.0408	0.672052	43.4436
10.2245	0.672052	43.0763
10.4082	0.672052	42.7089
10.5918	0.672052	42.3415
10.7755	0.672052	41.974
10.9592	0.672052	41.6065
11.1429	0.672052	41.2388
11.3265	0.672052	40.8709
11.5102	0.672052	40.5028
11.6939	0.672052	40.1343
11.8776	0.672052	39.7651
12.0612	0.672052	39.395
12.2449	0.672052	39.0234
12.4286	0.672052	38.6496
12.6122	0.672052	38.2725
12.7959	0.672052	37.8901
12.9796	0.672052	37.4998
13.1633	0.672052	37.0975
13.3469	0.672052	36.6767
13.5306	0.672052	36.2279
13.7143	0.672052	35.7361
13.898	0.672052	35.1788
14.0816	0.672052	34.5216
14.2653	0.672052	33.7117
14.449	0.672052	32.6689
14.6327	0.672052	31.2705
14.8163	0.672052	29.3293
15	0.672052	26.5596
6	0.696054	49.45
6.18367	0.696054	49.8315
6.36735	0.696054	49.9548
6.55102	0.696054	49.9089
6.73469	0.696054	49.7521
6.91837	0.696054	49.5227
7.10204	0.696054	49.2457
7.28571	0.696054	48.9376
7.46939	0.696054	48.609
7.65306	0.696054	48.2671
7.83673	0.696054	47.9164
8.02041	0.696054	47.56
8.20408	0.696054	47.1997
8.38776	0.696054	46.8371
8.57143	0.696054	46.4728
8.7551	0.696054	46.1075
8.93878	0.696054	45.7414
9.12245	0.696054	45.3749
9.30612	0.696054	45.0082
9.4898	0.696054	44.6412
9.67347	0.696054	44.2741
9.85714	0.696054	43.9068
10.0408	0.696054	43.5396
10.2245	0.696054	43.1723
10.4082	0.696054	42.8049
10.5918	0.696054	42.4375
10.7755	0.696054	42.07
10.9592	0.696054	41.7025
11.1429	0.696054	41.3348
11.3265	0.696054	40.9669
11.5102	0.696054	40.5988
11.6939	0.696054	40.2303
11.8776	0.696054	39.8611
12.0612	0.696054	39.491
12.2449	0.696054	39.1194
12.4286	0.696054	38.7457
12.6122	0.696054	38.3685
12.7959	0.696054	37.9861
12.9796	0.696054	37.5958
13.1633	0.696054	37.1935
13.3469	0.696054	36.7728
13.5306	0.696054	36.3239
13.7143	0.696054	35.8321
13.898	0.696054	35.2748
14.0816	0.696054	34.6176
14.2653	0.696054	33.8077
14.449	0.696054	32.7649
14.6327	0.696054	31.3665
14.8163	0.696054	29.4253
15	0.696054	26.6556
6	0.720056	49.546
6.18367	0.720056	49.9276
6.36735	0.720056	50.0508
6.55102	0.720056	50.0049
6.73469	0.720056	49.8481
6.91837	0.720056	49.6187
7.10204	0.720056	49.3417
7.28571	0.720056	49.0336
7.46939	0.720056	48.705
7.65306	0.720056	48.3631
7.83673	0.720056	48.0124
8.02041	0.720056	47.656
8.20408	0.720056	47.2958
8.38776	0.720056	46.9331
8.57143	0.720056	46.5688
8.7551	0.720056	46.2035
8.93878	0.720056	45.8374
9.12245	0.720056	45.4709
9.30612	0.720056	45.1042
9.4898	0.720056	44.7372
9.67347	0.720056	44.3701
9.85714	0.720056	44.0029
10.0408	0.720056	43.6356
10.2245	0.720056	43.2683
10.4082	0.720056	42.9009
10.5918	0.720056	42.5335
10.7755	0.720056	42.166
10.9592	0.720056	41.7985
11.1429	0.720056	41.4308
11.3265	0.720056	41.0629
11.5102	0.720056	40.6948
11.6939	0.720056	40.3263
11.8776	0.720056	39.9571
12.0612	0.720056	39.587
12.2449	0.720056	39.2155
12.4286	0.720056	38.8417
12.6122	0.720056	38.4645
12.7959	0.720056	38.0821
12.9796	0.720056	37.6918
13.1633	0.720056	37.2895
13.3469	0.720056	36.8688
13.5306	0.720056	36.4199
13.7143	0.720056	35.9281
13.898	0.720056	35.3708
14.0816	0.720056	34.7136
14.2653	0.720056	33.9037
14.449	0.720056	32.8609
14.6327	0.720056	31.4625
14.8163	0.720056	29.5213
15	0.720056	26.7516
6	0.744058	49.642
6.18367	0.744058	50.0236
6.36735	0.744058	50.1468
6.55102	0.744058	50.1009
6.73469	0.744058	49.9441
6.91837	0.744058	49.7147
7.10204	0.744058	49.4377
7.28571	0.744058	49.1296
7.46939	0.744058	48.801
7.65306	0.744058	48.4591
7.83673	0.744058	48.1084
8.02041	0.744058	47.752
8.20408	0.744058	47.3918
8.38776	0.744058	47.0291
8.57143	0.744058	46.6648
8.7551	0.744058	46.2995
8.93878	0.744058	45.9334
9.12245	0.744058	45.567
9.30612	0.744058	45.2002
9.4898	0.744058	44.8332
9.67347	0.744058	44.4661
9.85714	0.744058	44.0989
10.0408	0.744058	43.7316
10.2245	0.744058	43.3643
10.4082	0.744058	42.9969
10.5918	0.744058	42.6295
10.7755	0.744058	42.262
10.9592	0.744058	41.8945
11.1429	0.744058	41.5268
11.3265	0.744058	41.159
11.5102	0.744058	40.7908
11.6939	0.744058	40.4223
11.8776	0.744058	40.0531
12.0612	0.744058	39.683
12.2449	0.744058	39.3115
12.4286	0.744058	38.9377
12.6122	0.744058	38.5605
12.7959	0.744058	38.1781
12.9796	0.744058	37.7879
13.1633	0.744058	37.3855
13.3469	0.744058	36.9648
13.5306	0.744058	36.5159
13.7143	0.744058	36.0241
13.898	0.744058	35.4669
14.0816	0.744058	34.8096
14.2653	0.744058	33.9997
14.449	0.744058	32.9569
14.6327	0.744058	31.5585
14.8163	0.744058	29.6173
15	0.744058	26.8476
6	0.76806	49.738
6.18367	0.76806	50.1196
6.36735	0.76806	50.2428
6.55102	0.76806	50.1969
6.73469	0.76806	50.0401
6.91837	0.76806	49.8107
7.10204	0.76806	49.5337
7.28571	0.76806	49.2256
7.46939	0.76806	48.897
7.65306	0.76806	48.5551
7.83673	0.76806	48.2044
8.02041	0.76806	47.848
8.20408	0.76806	47.4878
8.38776	0.76806	47.1251
8.57143	0.76806	46.7608
8.7551	0.76806	46.3955
8.93878	0.76806	46.0295
9.12245	0.76806	45.663
9.30612	0.76806	45.2962
9.4898	0.76806	44.9292
9.67347	0.76806	44.5621
9.85714	0.76806	44.1949
10.0408	0.76806	43.8276
10.2245	0.76806	43.4603
10.4082	0.76806	43.0929
10.5918	0.76806	42.7255
10.7755	0.76806	42.358
10.9592	0.76806	41.9905
11.1429	0.76806	41.6228
11.3265	0.76806	41.255
11.5102	0.76806	40.8868
11.6939	0.76806	40.5183
11.8776	0.76806	40.1491
12.0612	0.76806	39.779
12.2449	0.76806	39.4075
12.4286	0.76806	39.0337
12.6122	0.76806	38.6565
12.7959	0.76806	38.2741
12.9796	0.76806	37.8839
13.1633	0.76806	37.4815
13.3469	0.76806	37.0608
13.5306	0.76806	36.6119
13.7143	0.76806	36.1201
13.898	0.76806	35.5629
14.0816	0.76806	34.9056
14.2653	0.76806	34.0957
14.449	0.76806	33.0529
14.6327	0.76806	31.6545
14.8163	0.76806	29.7133
15	0.76806	26.9436
6	0.792061	49.834
6.18367	0.792061	50.2156
6.36735	0.792061	50.3388
6.55102	0.792061	50.2929
6.73469	0.792061	50.1361
6.91837	0.792061	49.9067
7.10204	0.792061	49.6298
7.28571	0.792061	49.3216
7.46939	0.792061	48.9931
7.65306	0.792061	48.6511
7.83673	0.792061	48.3004
8.02041	0.792061	47.944
8.20408	0.792061	47.5838
8.38776	0.792061	47.2211
8.57143	0.792061	46.8568
8.7551	0.792061	46.4915
8.93878	0.792061	46.1255
9.12245	0.792061	45.759
9.30612	0.792061	45.3922
9.4898	0.792061	45.0252
9.67347	0.792061	44.6581
9.85714	0.792061	44.2909
10.0408	0.792061	43.9236
10.2245	0.792061	43.5563
10.4082	0.792061	43.1889
10.5918	0.792061	42.8215
10.7755	0.792061	42.454
10.9592	0.792061	42.0865
11.1429	0.792061	41.7188
11.3265	0.792061	41.351
11.5102	0.792061	40.9828
11.6939	0.792061	40.6143
11.8776	0.792061	40.2452
12.0612	0.792061	39.875
12.2449	0.792061	39.5035
12.4286	0.792061	39.1297
12.6122	0.792061	38.7525
12.7959	0.792061	38.3701
12.9796	0.792061	37.9799
13.1633	0.792061	37.5775
13.3469	0.792061	37.1568
13.5306	0.792061	36.7079
13.7143	0.792061	36.2161
13.898	0.792061	35.6589
14.0816	0.792061	35.0016
14.2653	0.792061	34.1917
14.449	0.792061	33.1489
14.6327	0.792061	31.7505
14.8163	0.792061	29.8093
15	0.792061	27.0396
6	0.816063	49.9301
6.18367	0.816063	50.3116
6.36735	0.816063	50.4348
6.55102	0.816063	50.3889
6.73469	0.816063	50.2321
6.91837	0.816063	50.0027
7.10204	0.816063	49.7258
7.28571	0.816063	49.4176
7.46939	0.816063	49.0891
7.65306	0.816063	48.7471
7.83673	0.816063	48.3964
8.02041	0.816063	48.04
8.20408	0.816063	47.6798
8.38776	0.816063	47.3171
8.57143	0.816063	46.9528
8.7551	0.816063	46.5875
8.93878	0.816063	46.2215
9.12245	0.816063	45.855
9.30612	0.816063	45.4882
9.4898	0.816063	45.1212
9.67347	0.816063	44.7541
9.85714	0.816063	44.3869
10.0408	0.816063	44.0196
10.2245	0.816063	43.6523
10.4082	0.816063	43.2849
10.5918	0.816063	42.9175
10.7755	0.816063	42.5501
10.9592	0.816063	42.1825
11.1429	0.816063	41.8148
11.3265	0.816063	41.447
11.5102	0.816063	41.0789
11.6939	0.816063	40.7103
11.8776	0.816063	40.3412
12.0612	0.816063	39.9711
12.2449	0.816063	39.5995
12.4286	0.816063	39.2257
12.6122	0.816063	38.8485
12.7959	0.816063	38.4661
12.9796	0.816063	38.0759
13.1633	0.816063	37.6735
13.3469	0.816063	37.2528
13.5306	0.816063	36.8039
13.7143	0.816063	36.3122
13.898	0.816063	35.7549
14.0816	0.816063	35.0976
14.2653	0.816063	34.2877
14.449	0.816063	33.2449
14.6327	0.816063	31.8465
14.8163	0.816063	29.9053
15	0.816063	27.1356
6	0.840065	50.0261
6.18367	0.840065	50.4076
6.36735	0.840065	50.5309
6.55102	0.840065	50.4849
6.73469	0.840065	50.3281
6.91837	0.840065	50.0987
7.10204	0.840065	49.8218
7.28571	0.840065	49.5136
7.46939	0.840065	49.1851
7.65306	0.840065	48.8431
7.83673	0.840065	48.4924
8.02041	0.840065	48.136
8.20408	0.840065	47.7758
8.38776	0.840065	47.4131
8.57143	0.840065	47.0488
8.7551	0.840065	46.6835
8.93878	0.840065	46.3175
9.12245	0.840065	45.951
9.30612	0.840065	45.5842
9.4898	0.840065	45.2172
9.67347	0.840065	44.8501
9.85714	0.840065	44.4829
10.0408	0.840065	44.1156
10.2245	0.840065	43.7483
10.4082	0.840065	43.3809
10.5918	0.840065	43.0135
10.7755	0.840065	42.6461
10.9592	0.840065	42.2785
11.1429	0.840065	41.9108
11.3265	0.840065	41.543
11.5102	0.840065	41.1749
11.6939	0.840065	40.8063
11.8776	0.840065	40.4372
12.0612	0.840065	40.0671
12.2449	0.840065	39.6955
12.4286	0.840065	39.3217
12.6122	0.840065	38.9445
12.7959	0.840065	38.5622
12.9796	0.840065	38.1719
13.1633	0.840065	37.7696
13.3469	0.840065	37.3488
13.5306	0.840065	36.8999
13.7143	0.840065	36.4082
13.898	0.840065	35.8509
14.0816	0.840065	35.1936
14.2653	0.840065	34.3838
14.449	0.840065	33.3409
14.6327	0.840065	31.9425
14.8163	0.840065	30.0013
15	0.840065	27.2316
6	0.864067	50.1221
6.18367	0.864067	50.5036
6.36735	0.864067	50.6269
6.55102	0.864067	50.5809
6.73469	0.864067	50.4242
6.91837	0.864067	50.1948
7.10204	0.864067	49.9178
7.28571	0.864067	49.6096
7.46939	0.864067	49.2811
7.65306	0.864067	48.9391
7.83673	0.864067	48.5884
8.02041	0.864067	48.232
8.20408	0.864067	47.8718
8.38776	0.864067	47.5091
8.57143	0.864067	47.1449
8.7551	0.864067	46.7795
8.93878	0.864067	46.4135
9.12245	0.864067	46.047
9.30612	0.864067	45.6802
9.4898	0.864067	45.3132
9.67347	0.864067	44.9461
9.85714	0.864067	44.5789
10.0408	0.864067	44.2116
10.2245	0.864067	43.8443
10.4082	0.864067	43.4769
10.5918	0.864067	43.1095
10.7755	0.864067	42.7421
10.9592	0.864067	42.3745
11.1429	0.864067	42.0068
11.3265	0.864067	41.639
11.5102	0.864067	41.2709
11.6939	0.864067	40.9023
11.8776	0.864067	40.5332
12.0612	0.864067	40.1631
12.2449	0.864067	39.7915
12.4286	0.864067	39.4177
12.6122	0.864067	39.0405
12.7959	0.864067	38.6582
12.9796	0.864067	38.2679
13.1633	0.864067	37.8656
13.3469	0.864067	37.4448
13.5306	0.864067	36.9959
13.7143	0.864067	36.5042
13.898	0.864067	35.9469
14.0816	0.864067	35.2896
14.2653	0.864067	34.4798
14.449	0.864067	33.4369
14.6327	0.864067	32.0385
14.8163	0.864067	30.0973
15	0.864067	27.3276
6	0.888069	50.2181
6.18367	0.888069	50.5996
6.36735	0.888069	50.7229
6.55102	0.888069	50.6769
6.73469	0.888069	50.5202
6.91837	0.888069	50.2908
7.10204	0.888069	50.0138
7.28571	0.888069	49.7056
7.46939	0.888069	49.3771
7.65306	0.888069	49.0352
7.83673	0.888069	48.6845
8.02041	0.888069	48.328
8.20408	0.888069	47.9678
8.38776	0.888069	47.6051
8.57143	0.888069	47.2409
8.7551	0.888069	46.8755
8.93878	0.888069	46.5095
9.12245	0.888069	46.143
9.30612	0.888069	45.7762
9.4898	0.888069	45.4092
9.67347	0.888069	45.0421
9.85714	0.888069	44.6749
10.0408	0.888069	44.3076
10.2245	0.888069	43.9403
10.4082	0.888069	43.573
10.5918	0.888069	43.2055
10.7755	0.888069	42.8381
10.9592	0.888069	42.4705
11.1429	0.888069	42.1028
11.3265	0.888069	41.735
11.5102	0.888069	41.3669
11.6939	0.888069	40.9983
11.8776	0.888069	40.6292
12.0612	0.888069	40.2591
12.2449	0.888069	39.8875
12.4286	0.888069	39.5137
12.6122	0.888069	39.1365
12.7959	0.888069	38.7542
12.9796	0.888069	38.3639
13.1633	0.888069	37.9616
13.3469	0.888069	37.5408
13.5306	0.888069	37.092
13.7143	0.888069	36.6002
13.898	0.888069	36.0429
14.0816	0.888069	35.3856
14.2653	0.888069	34.5758
14.449	0.888069	33.5329
14.6327	0.888069	32.1345
14.8163	0.888069	30.1933
15	0.888069	27.4237
6	0.912071	50.3141
6.18367	0.912071	50.6956
6.36735	0.912071	50.8189
6.55102	0.912071	50.7729
6.73469	0.912071	50.6162
6.91837	0.912071	50.3868
7.10204	0.912071	50.1098
7.28571	0.912071	49.8017
7.46939	0.912071	49.4731
7.65306	0.912071	49.1312
7.83673	0.912071	48.7805
8.02041	0.912071	48.424
8.20408	0.912071	48.0638
8.38776	0.912071	47.7011
8.57143	0.912071	47.3369
8.7551	0.912071	46.9715
8.93878	0.912071	46.6055
9.12245	0.912071	46.239
9.30612	0.912071	45.8722
9.4898	0.912071	45.5052
9.67347	0.912071	45.1381
9.85714	0.912071	44.7709
10.0408	0.912071	44.4036
10.2245	0.912071	44.0363
10.4082	0.912071	43.669
10.5918	0.912071	43.3016
10.7755	0.912071	42.9341
10.9592	0.912071	42.5665
11.1429	0.912071	42.1989
11.3265	0.912071	41.831
11.5102	0.912071	41.4629
11.6939	0.912071	41.0944
11.8776	0.912071	40.7252
12.0612	0.912071	40.3551
12.2449	0.912071	39.9835
12.4286	0.912071	39.6097
12.6122	0.912071	39.2325
12.7959	0.912071	38.8502
12.9796	0.912071	38.4599
13.1633	0.912071	38.0576
13.3469	0.912071	37.6368
13.5306	0.912071	37.188
13.7143	0.912071	36.6962
13.898	0.912071	36.1389
14.0816	0.912071	35.4816
14.2653	0.912071	34.6718
14.449	0.912071	33.6289
14.6327	0.912071	32.2305
14.8163	0.912071	30.2893
15	0.912071	27.5197
6	0.936073	50.4101
6.18367	0.936073	50.7916
6.36735	0.936073	50.9149
6.55102	0.936073	50.869
6.73469	0.936073	50.7122
6.91837	0.936073	50.4828
7.10204	0.936073	50.2058
7.28571	0.936073	49.8977
7.46939	0.936073	49.5691
7.65306	0.936073	49.2272
7.83673	0.936073	48.8765
8.02041	0.936073	48.52
8.20408	0.936073	48.1598
8.38776	0.936073	47.7972
8.57143	0.936073	47.4329
8.7551	0.936073	47.0675
8.93878	0.936073	46.7015
9.12245	0.936073	46.335
9.30612	0.936073	45.9682
9.4898	0.936073	45.6012
9.67347	0.936073	45.2341
9.85714	0.936073	44.8669
10.0408	0.936073	44.4997
10.2245	0.936073	44.1323
10.4082	0.936073	43.765
10.5918	0.936073	43.3976
10.7755	0.936073	43.0301
10.9592	0.936073	42.6625
11.1429	0.936073	42.2949
11.3265	0.936073	41.927
11.5102	0.936073	41.5589
11.6939	0.936073	41.1904
11.8776	0.936073	40.8212
12.0612	0.936073	40.4511
12.2449	0.936073	40.0795
12.4286	0.936073	39.7057
12.6122	0.936073	39.3285
12.7959	0.936073	38.9462
12.9796	0.936073	38.5559
13.1633	0.936073	38.1536
13.3469	0.936073	37.7328
13.5306	0.936073	37.284
13.7143	0.936073	36.7922
13.898	0.936073	36.2349
14.0816	0.936073	35.5777
14.2653	0.936073	34.7678
14.449	0.936073	33.725
14.6327	0.936073	32.3265
14.8163	0.936073	30.3854
15	0.936073	27.6157
6	0.960074	50.5061
6.18367	0.960074	50.8876
6.36735	0.960074	51.0109
6.55102	0.960074	50.965
6.73469	0.960074	50.8082
6.91837	0.960074	50.5788
7.10204	0.960074	50.3018
7.28571	0.960074	49.9937
7.46939	0.960074	49.6651
7.65306	0.960074	49.3232
7.83673	0.960074	48.9725
8.02041	0.960074	48.616
8.20408	0.960074	48.2558
8.38776	0.960074	47.8932
8.57143	0.960074	47.5289
8.7551	0.960074	47.1635
8.93878	0.960074	46.7975
9.12245	0.960074	46.431
9.30612	0.960074	46.0642
9.4898	0.960074	45.6973
9.67347	0.960074	45.3301
9.85714	0.960074	44.9629
10.0408	0.960074	44.5957
10.2245	0.960074	44.2283
10.4082	0.960074	43.861
10.5918	0.960074	43.4936
10.7755	0.960074	43.1261
10.9592	0.960074	42.7585
11.1429	0.960074	42.3909
11.3265	0.960074	42.023
11.5102	0.960074	41.6549
11.6939	0.960074	41.2864
11.8776	0.960074	40.9172
12.0612	0.960074	40.5471
12.2449	0.960074	40.1755
12.4286	0.960074	39.8017
12.6122	0.960074	39.4246
12.7959	0.960074	39.0422
12.9796	0.960074	38.6519
13.1633	0.960074	38.2496
13.3469	0.960074	37.8288
13.5306	0.960074	37.38
13.7143	0.960074	36.8882
13.898	0.960074	36.3309
14.0816	0.960074	35.6737
14.2653	0.960074	34.8638
14.449	0.960074	33.821
14.6327	0.960074	32.4225
14.8163	0.960074	30.4814
15	0.960074	27.7117
6	0.984076	50.6021
6.18367	0.984076	50.9836
6.36735	0.984076	51.1069
6.55102	0.984076	51.061
6.73469	0.984076	50.9042
6.91837	0.984076	50.6748
7.10204	0.984076	50.3978
7.28571	0.984076	50.0897
7.46939	0.984076	49.7611
7.65306	0.984076	49.4192
7.83673	0.984076	49.0685
8.02041	0.984076	48.712
8.20408	0.984076	48.3518
8.38776	0.984076	47.9892
8.57143	0.984076	47.6249
8.7551	0.984076	47.2596
8.93878	0.984076	46.8935
9.12245	0.984076	46.527
9.30612	0.984076	46.1602
9.4898	0.984076	45.7933
9.67347	0.984076	45.4261
9.85714	0.984076	45.0589
10.0408	0.984076	44.6917
10.2245	0.984076	44.3243
10.4082	0.984076	43.957
10.5918	0.984076	43.5896
10.7755	0.984076	43.2221
10.9592	0.984076	42.8546
11.1429	0.984076	42.4869
11.3265	0.984076	42.119
11.5102	0.984076	41.7509
11.6939	0.984076	41.3824
11.8776	0.984076	41.0132
12.0612	0.984076	40.6431
12.2449	0.984076	40.2715
12.4286	0.984076	39.8977
12.6122	0.984076	39.5206
12.7959	0.984076	39.1382
12.9796	0.984076	38.7479
13.1633	0.984076	38.3456
13.3469	0.984076	37.9248
13.5306	0.984076	37.476
13.7143	0.984076	36.9842
13.898	0.984076	36.4269
14.0816	0.984076	35.7697
14.2653	0.984076	34.9598
14.449	0.984076	33.917
14.6327	0.984076	32.5186
14.8163	0.984076	30.5774
15	0.984076	27.8077
6	1.00808	50.6981
6.18367	1.00808	51.0796
6.36735	1.00808	51.2029
6.55102	1.00808	51.157
6.73469	1.00808	51.0002
6.91837	1.00808	50.7708
7.10204	1.00808	50.4938
7.28571	1.00808	50.1857
7.46939	1.00808	49.8571
7.65306	1.00808	49.5152
7.83673	1.00808	49.1645
8.02041	1.00808	48.808
8.20408	1.00808	48.4478
8.38776	1.00808	48.0852
8.57143	1.00808	47.7209
8.7551	1.00808	47.3556
8.93878	1.00808	46.9895
9.12245	1.00808	46.623
9.30612	1.00808	46.2563
9.4898	1.00808	45.8893
9.67347	1.00808	45.5222
9.85714	1.00808	45.1549
10.0408	1.00808	44.7877
10.2245	1.00808	44.4204
10.4082	1.00808	44.053
10.5918	1.00808	43.6856
10.7755	1.00808	43.3181
10.9592	1.00808	42.9506
11.1429	1.00808	42.5829
11.3265	1.00808	42.215
11.5102	1.00808	41.8469
11.6939	1.00808	41.4784
11.8776	1.00808	41.1092
12.0612	1.00808	40.7391
12.2449	1.00808	40.3675
12.4286	1.00808	39.9938
12.6122	1.00808	39.6166
12.7959	1.00808	39.2342
12.9796	1.00808	38.8439
13.1633	1.00808	38.4416
13.3469	1.00808	38.0209
13.5306	1.00808	37.572
13.7143	1.00808	37.0802
13.898	1.00808	36.5229
14.0816	1.00808	35.8657
14.2653	1.00808	35.0558
14.449	1.00808	34.013
14.6327	1.00808	32.6146
14.8163	1.00808	30.6734
15	1.00808	27.9037
6	1.03208	50.7941
6.18367	1.03208	51.1756
6.36735	1.03208	51.2989
6.55102	1.03208	51.253
6.73469	1.03208	51.0962
6.91837	1.03208	50.8668
7.10204	1.03208	50.5898
7.28571	1.03208	50.2817
7.46939	1.03208	49.9531
7.65306	1.03208	49.6112
7.83673	1.03208	49.2605
8.02041	1.03208	48.9041
8.20408	1.03208	48.5439
8.38776	1.03208	48.1812
8.57143	1.03208	47.8169
8.7551	1.03208	47.4516
8.93878	1.03208	47.0855
9.12245	1.03208	46.719
9.30612	1.03208	46.3523
9.4898	1.03208	45.9853
9.67347	1.03208	45.6182
9.85714	1.03208	45.251
10.0408	1.03208	44.8837
10.2245	1.03208	44.5164
10.4082	1.03208	44.149
10.5918	1.03208	43.7816
10.7755	1.03208	43.4141
10.9592	1.03208	43.0466
11.1429	1.03208	42.6789
11.3265	1.03208	42.311
11.5102	1.03208	41.9429
11.6939	1.03208	41.5744
11.8776	1.03208	41.2052
12.0612	1.03208	40.8351
12.2449	1.03208	40.4636
12.4286	1.03208	40.0898
12.6122	1.03208	39.7126
12.7959	1.03208	39.3302
12.9796	1.03208	38.9399
13.1633	1.03208	38.5376
13.3469	1.03208	38.1169
13.5306	1.03208	37.668
13.7143	1.03208	37.1762
13.898	1.03208	36.6189
14.0816	1.03208	35.9617
14.2653	1.03208	35.1518
14.449	1.03208	34.109
14.6327	1.03208	32.7106
14.8163	1.03208	30.7694
15	1.03208	27.9997
6	1.05608	50.8901
6.18367	1.05608	51.2717
6.36735	1.05608	51.3949
6.55102	1.05608	51.349
6.73469	1.05608	51.1922
6.91837	1.05608	50.9628
7.10204	1.05608	50.6858
7.28571	1.05608	50.3777
7.46939	1.05608	50.0491
7.65306	1.05608	49.7072
7.83673	1.05608	49.3565
8.02041	1.05608	49.0001
8.20408	1.05608	48.6399
8.38776	1.05608	48.2772
8.57143	1.05608	47.9129
8.7551	1.05608	47.5476
8.93878	1.05608	47.1815
9.12245	1.05608	46.8151
9.30612	1.05608	46.4483
9.4898	1.05608	46.0813
9.67347	1.05608	45.7142
9.85714	1.05608	45.347
10.0408	1.05608	44.9797
10.2245	1.05608	44.6124
10.4082	1.05608	44.245
10.5918	1.05608	43.8776
10.7755	1.05608	43.5101
10.9592	1.05608	43.1426
11.1429	1.05608	42.7749
11.3265	1.05608	42.407
11.5102	1.05608	42.0389
11.6939	1.05608	41.6704
11.8776	1.05608	41.3012
12.0612	1.05608	40.9311
12.2449	1.05608	40.5596
12.4286	1.05608	40.1858
12.6122	1.05608	39.8086
12.7959	1.05608	39.4262
12.9796	1.05608	39.036
13.1633	1.05608	38.6336
13.3469	1.05608	38.2129
13.5306	1.05608	37.764
13.7143	1.05608	37.2722
13.898	1.05608	36.715
14.0816	1.05608	36.0577
14.2653	1.05608	35.2478
14.449	1.05608	34.205
14.6327	1.05608	32.8066
14.8163	1.05608	30.8654
15	1.05608	28.0957
6	1.08008	0
6.18367	1.08008	0
6.36735	1.08008	0
6.55102	1.08008	0
6.73469	1.08008	0
6.91837	1.08008	0
7.10204	1.08008	0
7.28571	1.08008	0
7.46939	1.08008	0
7.65306	1.08008	0
7.83673	1.08008	0
8.02041	1.08008	0
8.20408	1.08008	0
8.38776	1.08008	0
8.57143	1.08008	0
8.7551	1.08008	0
8.93878	1.08008	0
9.12245	1.08008	0
9.30612	1.08008	0
9.4898	1.08008	0
9.67347	1.08008	0
9.85714	1.08008	0
10.0408	1.08008	0
10.2245	1.08008	0
10.4082	1.08008	0
10.5918	1.08008	0
10.7755	1.08008	0
10.9592	1.08008	0
11.1429	1.08008	0
11.3265	1.08008	0
11.5102	1.08008	0
11.6939	1.08008	0
11.8776	1.08008	0
12.0612	1.08008	0
12.2449	1.08008	0
12.4286	1.08008	0
12.6122	1.08008	0
12.7959	1.08008	0
12.9796	1.08008	0
13.1633	1.08008	0
13.3469	1.08008	0
13.5306	1.08008	0
13.7143	1.08008	0
13.898	1.08008	0
14.0816	1.08008	0
14.2653	1.08008	0
14.449	1.08008	0
14.6327	1.08008	0
14.8163	1.08008	0
15	1.08008	0
6	1.10409	0
6.18367	1.10409	0
6.36735	1.10409	0
6.55102	1.10409	0
6.73469	1.10409	0
6.91837	1.10409	0
7.10204	1.10409	0
7.28571	1.10409	0
7.46939	1.10409	0
7.65306	1.10409	0
7.83673	1.10409	0
8.02041	1.10409	0
8.20408	1.10409	0
8.38776	1.10409	0
8.57143	1.10409	0
8.7551	1.10409	0
8.93878	1.10409	0
9.12245	1.10409	0
9.30612	1.10409	0
9.4898	1.10409	0
9.67347	1.10409	0
9.85714	1.10409	0
10.0408	1.10409	0
10.2245	1.10409	0
10.4082	1.10409	0
10.5918	1.10409	0
10.7755	1.10409	0
10.9592	1.10409	0
11.1429	1.10409	0
11.3265	1.10409	0
11.5102	1.10409	0
11.6939	1.10409	0
11.8776	1.10409	0
12.0612	1.10409	0
12.2449	1.10409	0
12.4286	1.10409	0
12.6122	1.10409	0
12.7959	1.10409	0
12.9796	1.10409	0
13.1633	1.10409	0
13.3469	1.10409	0
13.5306	1.10409	0
13.7143	1.10409	0
13.898	1.10409	0
14.0816	1.10409	0
14.2653	1.10409	0
14.449	1.10409	0
14.6327	1.10409	0
14.8163	1.10409	0
15	1.10409	0
6	1.12809	0
6.18367	1.12809	0
6.36735	1.12809	0
6.55102	1.12809	0
6.73469	1.12809	0
6.91837	1.12809	0
7.10204	1.12809	0
7.28571	1.12809	0
7.46939	1.12809	0
7.65306	1.12809	0
7.83673	1.12809	0
8.02041	1.12809	0
8.20408	1.12809	0
8.38776	1.12809	0
8.57143	1.12809	0
8.7551	1.12809	0
8.93878	1.12809	0
9.12245	1.12809	0
9.30612	1.12809	0
9.4898	1.12809	0
9.67347	1.12809	0
9.85714	1.12809	0
10.0408	1.12809	0
10.2245	1.12809	0
10.4082	1.12809	0
10.5918	1.12809	0
10.7755	1.12809	0
10.9592	1.12809	0
11.1429	1.12809	0
11.3265	1.12809	0
11.5102	1.12809	0
11.6939	1.12809	0
11.8776	1.12809	0
12.0612	1.12809	0
12.2449	1.12809	0
12.4286	1.12809	0
12.6122	1.12809	0
12.7959	1.12809	0
12.9796	1.12809	0
13.1633	1.12809	0
13.3469	1.12809	0
13.5306	1.12809	0
13.7143	1.12809	0
13.898	1.12809	0
14.0816	1.12809	0
14.2653	1.12809	0
14.449	1.12809	0
14.6327	1.12809	0
14.8163	1.12809	0
15	1.12809	0
6	1.15209	0
6.18367	1.15209	0
6.36735	1.15209	0
6.55102	1.15209	0
6.73469	1.15209	0
6.91837	1.15209	0
7.10204	1.15209	0
7.28571	1.15209	0
7.46939	1.15209	0
7.65306	1.15209	0
7.83673	1.15209	0
8.02041	1.15209	0
8.20408	1.15209	0
8.38776	1.15209	0
8.57143	1.15209	0
8.7551	1.15209	0
8.93878	1.15209	0
9.12245	1.15209	0
9.30612	1.15209	0
9.4898	1.15209	0
9.67347	1.15209	0
9.85714	1.15209	0
10.0408	1.15209	0
10.2245	1.15209	0
10.4082	1.15209	0
10.5918	1.15209	0
10.7755	1.15209	0
10.9592	1.15209	0
11.1429	1.15209	0
11.3265	1.15209	0
11.5102	1.15209	0
11.6939	1.15209	0
11.8776	1.15209	0
12.0612	1.15209	0
12.2449	1.15209	0
12.4286	1.15209	0
12.6122	1.15209	0
12.7959	1.15209	0
12.9796	1.15209	0
13.1633	1.15209	0
13.3469	1.15209	0
13.5306	1.15209	0
13.7143	1.15209	0
13.898	1.15209	0
14.0816	1.15209	0
14.2653	1.15209	0
14.449	1.15209	0
14.6327	1.15209	0
14.8163	1.15209	0
15	1.15209	0
6	1.17609	0
6.18367	1.17609	0
6.36735	1.17609	0
6.55102	1.17609	0
6.73469	1.17609	0
6.91837	1.17609	0
7.10204	1.17609	0
7.28571	1.17609	0
7.46939	1.17609	0
7.65306	1.17609	0
7.83673	1.17609	0
8.02041	1.17609	0
8.20408	1.17609	0
8.38776	1.17609	0
8.57143	1.17609	0
8.7551	1.17609	0
8.93878	1.17609	0
9.12245	1.17609	0
9.30612	1.17609	0
9.4898	1.17609	0
9.67347	1.17609	0
9.85714	1.17609	0
10.0408	1.17609	0
10.2245	1.17609	0
10.4082	1.17609	0
10.5918	1.17609	0
10.7755	1.17609	0
10.9592	1.17609	0
11.1429	1.17609	0
11.3265	1.17609	0
11.5102	1.17609	0
11.6939	1.17609	0
11.8776	1.17609	0
12.0612	1.17609	0
12.2449	1.17609	0
12.4286	1.17609	0
12.6122	1.17609	0
12.7959	1.17609	0
12.9796	1.17609	0
13.1633	1.17609	0
13.3469	1.17609	0
13.5306	1.17609	0
13.7143	1.17609	0
13.898	1.17609	0
14.0816	1.17609	0
14.2653	1.17609	0
14.449	1.17609	0
14.6327	1.17609	0
14.8163	1.17609	0
15	1.17609	0
