Log(E/eV)	Log(R/pc)	Syn	ICIR	IC	Dif	Acc	Adia
6	0	-11.1514	-15.2157	-14.4191	-21.8798	4.67741	-7.18923
6.52632	0	-10.6251	-14.6361	-13.8398	-21.3535	4.15109	-7.18923
7.05263	0	-10.0988	-14.1391	-13.3437	-20.8271	3.62477	-7.18923
7.57895	0	-9.57249	-13.652	-12.8595	-20.3008	3.09846	-7.18923
8.10526	0	-9.04617	-13.1657	-12.3827	-19.7745	2.57214	-7.18923
8.63158	0	-8.51986	-12.6787	-11.9247	-19.2482	2.04583	-7.18923
9.15789	0	-7.99354	-12.1911	-11.5109	-18.7219	1.51951	-7.18923
9.68421	0	-7.46722	-11.7048	-11.1618	-18.1956	0.993195	-7.18923
10.2105	0	-6.94091	-11.2261	-10.8795	-17.6693	0.466879	-7.18923
10.7368	0	-6.41459	-10.7745	-10.706	-17.1429	-0.0594363	-7.18923
11.2632	0	-5.88828	-10.3985	-10.7021	-16.6166	-0.585752	-7.18923
11.7895	0	-5.36196	-10.1775	-10.8769	-16.0903	-1.11207	-7.18923
12.3158	0	-4.83565	-10.1719	-11.2002	-15.564	-1.63838	-7.18923
12.8421	0	-4.30933	-10.3849	-11.6294	-15.0377	-2.1647	-7.18923
13.3684	0	-3.78301	-10.7669	-12.1228	-14.5114	-2.69102	-7.18923
13.8947	0	-3.2567	-11.2454	-12.6483	-13.985	-3.21733	-7.18923
14.4211	0	-2.73038	-11.7663	-13.1868	-13.4587	-3.74365	-7.18923
14.9474	0	-2.20407	-12.3031	-13.73	-12.9324	-4.26996	-7.18923
15.4737	0	-1.67775	-12.8452	-14.2746	-12.4061	-4.79628	-7.18923
16	0	-1.15143	-13.3889	-14.8194	-11.8798	-5.32259	-7.18923
6	0.0689655	-11.2894	-15.2157	-14.4191	-21.9487	4.60844	-7.2582
6.52632	0.0689655	-10.763	-14.6361	-13.8398	-21.4224	4.08212	-7.2582
7.05263	0.0689655	-10.2367	-14.1391	-13.3437	-20.8961	3.55581	-7.2582
7.57895	0.0689655	-9.71042	-13.652	-12.8595	-20.3698	3.02949	-7.2582
8.10526	0.0689655	-9.1841	-13.1657	-12.3827	-19.8435	2.50318	-7.2582
8.63158	0.0689655	-8.65779	-12.6787	-11.9247	-19.3172	1.97686	-7.2582
9.15789	0.0689655	-8.13147	-12.1911	-11.5109	-18.7909	1.45055	-7.2582
9.68421	0.0689655	-7.60515	-11.7048	-11.1618	-18.2645	0.92423	-7.2582
10.2105	0.0689655	-7.07884	-11.2261	-10.8795	-17.7382	0.397914	-7.2582
10.7368	0.0689655	-6.55252	-10.7745	-10.706	-17.2119	-0.128402	-7.2582
11.2632	0.0689655	-6.02621	-10.3985	-10.7021	-16.6856	-0.654718	-7.2582
11.7895	0.0689655	-5.49989	-10.1775	-10.8769	-16.1593	-1.18103	-7.2582
12.3158	0.0689655	-4.97358	-10.1719	-11.2002	-15.633	-1.70735	-7.2582
12.8421	0.0689655	-4.44726	-10.3849	-11.6294	-15.1066	-2.23367	-7.2582
13.3684	0.0689655	-3.92094	-10.7669	-12.1228	-14.5803	-2.75998	-7.2582
13.8947	0.0689655	-3.39463	-11.2454	-12.6483	-14.054	-3.2863	-7.2582
14.4211	0.0689655	-2.86831	-11.7663	-13.1868	-13.5277	-3.81261	-7.2582
14.9474	0.0689655	-2.342	-12.3031	-13.73	-13.0014	-4.33893	-7.2582
15.4737	0.0689655	-1.81568	-12.8452	-14.2746	-12.4751	-4.86524	-7.2582
16	0.0689655	-1.28937	-13.3889	-14.8194	-11.9487	-5.39156	-7.2582
6	0.137931	-11.4273	-15.2157	-14.4191	-22.0177	4.53947	-7.32716
6.52632	0.137931	-10.901	-14.6361	-13.8398	-21.4914	4.01316	-7.32716
7.05263	0.137931	-10.3747	-14.1391	-13.3437	-20.9651	3.48684	-7.32716
7.57895	0.137931	-9.84835	-13.652	-12.8595	-20.4388	2.96053	-7.32716
8.10526	0.137931	-9.32203	-13.1657	-12.3827	-19.9124	2.43421	-7.32716
8.63158	0.137931	-8.79572	-12.6787	-11.9247	-19.3861	1.9079	-7.32716
9.15789	0.137931	-8.2694	-12.1911	-11.5109	-18.8598	1.38158	-7.32716
9.68421	0.137931	-7.74309	-11.7048	-11.1618	-18.3335	0.855264	-7.32716
10.2105	0.137931	-7.21677	-11.2261	-10.8795	-17.8072	0.328948	-7.32716
10.7368	0.137931	-6.69045	-10.7745	-10.706	-17.2809	-0.197367	-7.32716
11.2632	0.137931	-6.16414	-10.3985	-10.7021	-16.7546	-0.723683	-7.32716
11.7895	0.137931	-5.63782	-10.1775	-10.8769	-16.2282	-1.25	-7.32716
12.3158	0.137931	-5.11151	-10.1719	-11.2002	-15.7019	-1.77631	-7.32716
12.8421	0.137931	-4.58519	-10.3849	-11.6294	-15.1756	-2.30263	-7.32716
13.3684	0.137931	-4.05888	-10.7669	-12.1228	-14.6493	-2.82895	-7.32716
13.8947	0.137931	-3.53256	-11.2454	-12.6483	-14.123	-3.35526	-7.32716
14.4211	0.137931	-3.00624	-11.7663	-13.1868	-13.5967	-3.88158	-7.32716
14.9474	0.137931	-2.47993	-12.3031	-13.73	-13.0703	-4.40789	-7.32716
15.4737	0.137931	-1.95361	-12.8452	-14.2746	-12.544	-4.93421	-7.32716
16	0.137931	-1.4273	-13.3889	-14.8194	-12.0177	-5.46053	-7.32716
6	0.206897	-11.5652	-15.2157	-14.4191	-22.0867	4.47051	-7.39613
6.52632	0.206897	-11.0389	-14.6361	-13.8398	-21.5604	3.94419	-7.39613
7.05263	0.206897	-10.5126	-14.1391	-13.3437	-21.034	3.41788	-7.39613
7.57895	0.206897	-9.98628	-13.652	-12.8595	-20.5077	2.89156	-7.39613
8.10526	0.206897	-9.45996	-13.1657	-12.3827	-19.9814	2.36525	-7.39613
8.63158	0.206897	-8.93365	-12.6787	-11.9247	-19.4551	1.83893	-7.39613
9.15789	0.206897	-8.40733	-12.1911	-11.5109	-18.9288	1.31261	-7.39613
9.68421	0.206897	-7.88102	-11.7048	-11.1618	-18.4025	0.786299	-7.39613
10.2105	0.206897	-7.3547	-11.2261	-10.8795	-17.8761	0.259983	-7.39613
10.7368	0.206897	-6.82839	-10.7745	-10.706	-17.3498	-0.266333	-7.39613
11.2632	0.206897	-6.30207	-10.3985	-10.7021	-16.8235	-0.792649	-7.39613
11.7895	0.206897	-5.77575	-10.1775	-10.8769	-16.2972	-1.31896	-7.39613
12.3158	0.206897	-5.24944	-10.1719	-11.2002	-15.7709	-1.84528	-7.39613
12.8421	0.206897	-4.72312	-10.3849	-11.6294	-15.2446	-2.3716	-7.39613
13.3684	0.206897	-4.19681	-10.7669	-12.1228	-14.7183	-2.89791	-7.39613
13.8947	0.206897	-3.67049	-11.2454	-12.6483	-14.1919	-3.42423	-7.39613
14.4211	0.206897	-3.14417	-11.7663	-13.1868	-13.6656	-3.95054	-7.39613
14.9474	0.206897	-2.61786	-12.3031	-13.73	-13.1393	-4.47686	-7.39613
15.4737	0.206897	-2.09154	-12.8452	-14.2746	-12.613	-5.00317	-7.39613
16	0.206897	-1.56523	-13.3889	-14.8194	-12.0867	-5.52949	-7.39613
6	0.275862	-11.7032	-15.2157	-14.4191	-22.1556	4.40154	-7.46509
6.52632	0.275862	-11.1768	-14.6361	-13.8398	-21.6293	3.87523	-7.46509
7.05263	0.275862	-10.6505	-14.1391	-13.3437	-21.103	3.34891	-7.46509
7.57895	0.275862	-10.1242	-13.652	-12.8595	-20.5767	2.8226	-7.46509
8.10526	0.275862	-9.5979	-13.1657	-12.3827	-20.0504	2.29628	-7.46509
8.63158	0.275862	-9.07158	-12.6787	-11.9247	-19.5241	1.76996	-7.46509
9.15789	0.275862	-8.54526	-12.1911	-11.5109	-18.9977	1.24365	-7.46509
9.68421	0.275862	-8.01895	-11.7048	-11.1618	-18.4714	0.717333	-7.46509
10.2105	0.275862	-7.49263	-11.2261	-10.8795	-17.9451	0.191017	-7.46509
10.7368	0.275862	-6.96632	-10.7745	-10.706	-17.4188	-0.335298	-7.46509
11.2632	0.275862	-6.44	-10.3985	-10.7021	-16.8925	-0.861614	-7.46509
11.7895	0.275862	-5.91368	-10.1775	-10.8769	-16.3662	-1.38793	-7.46509
12.3158	0.275862	-5.38737	-10.1719	-11.2002	-15.8399	-1.91425	-7.46509
12.8421	0.275862	-4.86105	-10.3849	-11.6294	-15.3135	-2.44056	-7.46509
13.3684	0.275862	-4.33474	-10.7669	-12.1228	-14.7872	-2.96688	-7.46509
13.8947	0.275862	-3.80842	-11.2454	-12.6483	-14.2609	-3.49319	-7.46509
14.4211	0.275862	-3.28211	-11.7663	-13.1868	-13.7346	-4.01951	-7.46509
14.9474	0.275862	-2.75579	-12.3031	-13.73	-13.2083	-4.54582	-7.46509
15.4737	0.275862	-2.22947	-12.8452	-14.2746	-12.682	-5.07214	-7.46509
16	0.275862	-1.70316	-13.3889	-14.8194	-12.1556	-5.59846	-7.46509
6	0.344828	-11.8411	-15.2157	-14.4191	-22.2246	4.33258	-7.53406
6.52632	0.344828	-11.3148	-14.6361	-13.8398	-21.6983	3.80626	-7.53406
7.05263	0.344828	-10.7885	-14.1391	-13.3437	-21.172	3.27995	-7.53406
7.57895	0.344828	-10.2621	-13.652	-12.8595	-20.6457	2.75363	-7.53406
8.10526	0.344828	-9.73583	-13.1657	-12.3827	-20.1193	2.22732	-7.53406
8.63158	0.344828	-9.20951	-12.6787	-11.9247	-19.593	1.701	-7.53406
9.15789	0.344828	-8.68319	-12.1911	-11.5109	-19.0667	1.17468	-7.53406
9.68421	0.344828	-8.15688	-11.7048	-11.1618	-18.5404	0.648368	-7.53406
10.2105	0.344828	-7.63056	-11.2261	-10.8795	-18.0141	0.122052	-7.53406
10.7368	0.344828	-7.10425	-10.7745	-10.706	-17.4878	-0.404264	-7.53406
11.2632	0.344828	-6.57793	-10.3985	-10.7021	-16.9614	-0.93058	-7.53406
11.7895	0.344828	-6.05162	-10.1775	-10.8769	-16.4351	-1.4569	-7.53406
12.3158	0.344828	-5.5253	-10.1719	-11.2002	-15.9088	-1.98321	-7.53406
12.8421	0.344828	-4.99898	-10.3849	-11.6294	-15.3825	-2.50953	-7.53406
13.3684	0.344828	-4.47267	-10.7669	-12.1228	-14.8562	-3.03584	-7.53406
13.8947	0.344828	-3.94635	-11.2454	-12.6483	-14.3299	-3.56216	-7.53406
14.4211	0.344828	-3.42004	-11.7663	-13.1868	-13.8036	-4.08847	-7.53406
14.9474	0.344828	-2.89372	-12.3031	-13.73	-13.2772	-4.61479	-7.53406
15.4737	0.344828	-2.36741	-12.8452	-14.2746	-12.7509	-5.14111	-7.53406
16	0.344828	-1.84109	-13.3889	-14.8194	-12.2246	-5.66742	-7.53406
6	0.413793	-11.979	-15.2157	-14.4191	-22.2936	4.26361	-7.60303
6.52632	0.413793	-11.4527	-14.6361	-13.8398	-21.7673	3.7373	-7.60303
7.05263	0.413793	-10.9264	-14.1391	-13.3437	-21.2409	3.21098	-7.60303
7.57895	0.413793	-10.4001	-13.652	-12.8595	-20.7146	2.68467	-7.60303
8.10526	0.413793	-9.87376	-13.1657	-12.3827	-20.1883	2.15835	-7.60303
8.63158	0.413793	-9.34744	-12.6787	-11.9247	-19.662	1.63203	-7.60303
9.15789	0.413793	-8.82113	-12.1911	-11.5109	-19.1357	1.10572	-7.60303
9.68421	0.413793	-8.29481	-11.7048	-11.1618	-18.6094	0.579402	-7.60303
10.2105	0.413793	-7.76849	-11.2261	-10.8795	-18.083	0.0530864	-7.60303
10.7368	0.413793	-7.24218	-10.7745	-10.706	-17.5567	-0.473229	-7.60303
11.2632	0.413793	-6.71586	-10.3985	-10.7021	-17.0304	-0.999545	-7.60303
11.7895	0.413793	-6.18955	-10.1775	-10.8769	-16.5041	-1.52586	-7.60303
12.3158	0.413793	-5.66323	-10.1719	-11.2002	-15.9778	-2.05218	-7.60303
12.8421	0.413793	-5.13692	-10.3849	-11.6294	-15.4515	-2.57849	-7.60303
13.3684	0.413793	-4.6106	-10.7669	-12.1228	-14.9252	-3.10481	-7.60303
13.8947	0.413793	-4.08428	-11.2454	-12.6483	-14.3988	-3.63112	-7.60303
14.4211	0.413793	-3.55797	-11.7663	-13.1868	-13.8725	-4.15744	-7.60303
14.9474	0.413793	-3.03165	-12.3031	-13.73	-13.3462	-4.68376	-7.60303
15.4737	0.413793	-2.50534	-12.8452	-14.2746	-12.8199	-5.21007	-7.60303
16	0.413793	-1.97902	-13.3889	-14.8194	-12.2936	-5.73639	-7.60303
6	0.482759	-12.117	-15.2157	-14.4191	-22.3625	4.19465	-7.67199
6.52632	0.482759	-11.5906	-14.6361	-13.8398	-21.8362	3.66833	-7.67199
7.05263	0.482759	-11.0643	-14.1391	-13.3437	-21.3099	3.14202	-7.67199
7.57895	0.482759	-10.538	-13.652	-12.8595	-20.7836	2.6157	-7.67199
8.10526	0.482759	-10.0117	-13.1657	-12.3827	-20.2573	2.08938	-7.67199
8.63158	0.482759	-9.48537	-12.6787	-11.9247	-19.731	1.56307	-7.67199
9.15789	0.482759	-8.95906	-12.1911	-11.5109	-19.2046	1.03675	-7.67199
9.68421	0.482759	-8.43274	-11.7048	-11.1618	-18.6783	0.510437	-7.67199
10.2105	0.482759	-7.90643	-11.2261	-10.8795	-18.152	-0.0158792	-7.67199
10.7368	0.482759	-7.38011	-10.7745	-10.706	-17.6257	-0.542195	-7.67199
11.2632	0.482759	-6.85379	-10.3985	-10.7021	-17.0994	-1.06851	-7.67199
11.7895	0.482759	-6.32748	-10.1775	-10.8769	-16.5731	-1.59483	-7.67199
12.3158	0.482759	-5.80116	-10.1719	-11.2002	-16.0467	-2.12114	-7.67199
12.8421	0.482759	-5.27485	-10.3849	-11.6294	-15.5204	-2.64746	-7.67199
13.3684	0.482759	-4.74853	-10.7669	-12.1228	-14.9941	-3.17377	-7.67199
13.8947	0.482759	-4.22221	-11.2454	-12.6483	-14.4678	-3.70009	-7.67199
14.4211	0.482759	-3.6959	-11.7663	-13.1868	-13.9415	-4.22641	-7.67199
14.9474	0.482759	-3.16958	-12.3031	-13.73	-13.4152	-4.75272	-7.67199
15.4737	0.482759	-2.64327	-12.8452	-14.2746	-12.8889	-5.27904	-7.67199
16	0.482759	-2.11695	-13.3889	-14.8194	-12.3625	-5.80535	-7.67199
6	0.551724	-12.2549	-15.2157	-14.4191	-22.4315	4.12568	-7.74096
6.52632	0.551724	-11.7286	-14.6361	-13.8398	-21.9052	3.59937	-7.74096
7.05263	0.551724	-11.2023	-14.1391	-13.3437	-21.3789	3.07305	-7.74096
7.57895	0.551724	-10.6759	-13.652	-12.8595	-20.8526	2.54673	-7.74096
8.10526	0.551724	-10.1496	-13.1657	-12.3827	-20.3262	2.02042	-7.74096
8.63158	0.551724	-9.6233	-12.6787	-11.9247	-19.7999	1.4941	-7.74096
9.15789	0.551724	-9.09699	-12.1911	-11.5109	-19.2736	0.967787	-7.74096
9.68421	0.551724	-8.57067	-11.7048	-11.1618	-18.7473	0.441471	-7.74096
10.2105	0.551724	-8.04436	-11.2261	-10.8795	-18.221	-0.0848447	-7.74096
10.7368	0.551724	-7.51804	-10.7745	-10.706	-17.6947	-0.61116	-7.74096
11.2632	0.551724	-6.99172	-10.3985	-10.7021	-17.1683	-1.13748	-7.74096
11.7895	0.551724	-6.46541	-10.1775	-10.8769	-16.642	-1.66379	-7.74096
12.3158	0.551724	-5.93909	-10.1719	-11.2002	-16.1157	-2.19011	-7.74096
12.8421	0.551724	-5.41278	-10.3849	-11.6294	-15.5894	-2.71642	-7.74096
13.3684	0.551724	-4.88646	-10.7669	-12.1228	-15.0631	-3.24274	-7.74096
13.8947	0.551724	-4.36015	-11.2454	-12.6483	-14.5368	-3.76906	-7.74096
14.4211	0.551724	-3.83383	-11.7663	-13.1868	-14.0105	-4.29537	-7.74096
14.9474	0.551724	-3.30751	-12.3031	-13.73	-13.4841	-4.82169	-7.74096
15.4737	0.551724	-2.7812	-12.8452	-14.2746	-12.9578	-5.348	-7.74096
16	0.551724	-2.25488	-13.3889	-14.8194	-12.4315	-5.87432	-7.74096
6	0.62069	-12.3928	-15.2157	-14.4191	-22.5005	4.05672	-7.80992
6.52632	0.62069	-11.8665	-14.6361	-13.8398	-21.9742	3.5304	-7.80992
7.05263	0.62069	-11.3402	-14.1391	-13.3437	-21.4478	3.00408	-7.80992
7.57895	0.62069	-10.8139	-13.652	-12.8595	-20.9215	2.47777	-7.80992
8.10526	0.62069	-10.2876	-13.1657	-12.3827	-20.3952	1.95145	-7.80992
8.63158	0.62069	-9.76123	-12.6787	-11.9247	-19.8689	1.42514	-7.80992
9.15789	0.62069	-9.23492	-12.1911	-11.5109	-19.3426	0.898821	-7.80992
9.68421	0.62069	-8.7086	-11.7048	-11.1618	-18.8163	0.372506	-7.80992
10.2105	0.62069	-8.18229	-11.2261	-10.8795	-18.2899	-0.15381	-7.80992
10.7368	0.62069	-7.65597	-10.7745	-10.706	-17.7636	-0.680126	-7.80992
11.2632	0.62069	-7.12966	-10.3985	-10.7021	-17.2373	-1.20644	-7.80992
11.7895	0.62069	-6.60334	-10.1775	-10.8769	-16.711	-1.73276	-7.80992
12.3158	0.62069	-6.07702	-10.1719	-11.2002	-16.1847	-2.25907	-7.80992
12.8421	0.62069	-5.55071	-10.3849	-11.6294	-15.6584	-2.78539	-7.80992
13.3684	0.62069	-5.02439	-10.7669	-12.1228	-15.132	-3.3117	-7.80992
13.8947	0.62069	-4.49808	-11.2454	-12.6483	-14.6057	-3.83802	-7.80992
14.4211	0.62069	-3.97176	-11.7663	-13.1868	-14.0794	-4.36434	-7.80992
14.9474	0.62069	-3.44545	-12.3031	-13.73	-13.5531	-4.89065	-7.80992
15.4737	0.62069	-2.91913	-12.8452	-14.2746	-13.0268	-5.41697	-7.80992
16	0.62069	-2.39281	-13.3889	-14.8194	-12.5005	-5.94328	-7.80992
6	0.689655	-12.5307	-15.2157	-14.4191	-22.5694	3.98775	-7.87889
6.52632	0.689655	-12.0044	-14.6361	-13.8398	-22.0431	3.46143	-7.87889
7.05263	0.689655	-11.4781	-14.1391	-13.3437	-21.5168	2.93512	-7.87889
7.57895	0.689655	-10.9518	-13.652	-12.8595	-20.9905	2.4088	-7.87889
8.10526	0.689655	-10.4255	-13.1657	-12.3827	-20.4642	1.88249	-7.87889
8.63158	0.689655	-9.89917	-12.6787	-11.9247	-19.9379	1.35617	-7.87889
9.15789	0.689655	-9.37285	-12.1911	-11.5109	-19.4115	0.829856	-7.87889
9.68421	0.689655	-8.84653	-11.7048	-11.1618	-18.8852	0.30354	-7.87889
10.2105	0.689655	-8.32022	-11.2261	-10.8795	-18.3589	-0.222776	-7.87889
10.7368	0.689655	-7.7939	-10.7745	-10.706	-17.8326	-0.749092	-7.87889
11.2632	0.689655	-7.26759	-10.3985	-10.7021	-17.3063	-1.27541	-7.87889
11.7895	0.689655	-6.74127	-10.1775	-10.8769	-16.78	-1.80172	-7.87889
12.3158	0.689655	-6.21496	-10.1719	-11.2002	-16.2536	-2.32804	-7.87889
12.8421	0.689655	-5.68864	-10.3849	-11.6294	-15.7273	-2.85435	-7.87889
13.3684	0.689655	-5.16232	-10.7669	-12.1228	-15.201	-3.38067	-7.87889
13.8947	0.689655	-4.63601	-11.2454	-12.6483	-14.6747	-3.90699	-7.87889
14.4211	0.689655	-4.10969	-11.7663	-13.1868	-14.1484	-4.4333	-7.87889
14.9474	0.689655	-3.58338	-12.3031	-13.73	-13.6221	-4.95962	-7.87889
15.4737	0.689655	-3.05706	-12.8452	-14.2746	-13.0958	-5.48593	-7.87889
16	0.689655	-2.53074	-13.3889	-14.8194	-12.5694	-6.01225	-7.87889
6	0.758621	-12.6687	-15.2157	-14.4191	-22.6384	3.91879	-7.94785
6.52632	0.758621	-12.1424	-14.6361	-13.8398	-22.1121	3.39247	-7.94785
7.05263	0.758621	-11.616	-14.1391	-13.3437	-21.5858	2.86615	-7.94785
7.57895	0.758621	-11.0897	-13.652	-12.8595	-21.0595	2.33984	-7.94785
8.10526	0.758621	-10.5634	-13.1657	-12.3827	-20.5331	1.81352	-7.94785
8.63158	0.758621	-10.0371	-12.6787	-11.9247	-20.0068	1.28721	-7.94785
9.15789	0.758621	-9.51078	-12.1911	-11.5109	-19.4805	0.76089	-7.94785
9.68421	0.758621	-8.98447	-11.7048	-11.1618	-18.9542	0.234575	-7.94785
10.2105	0.758621	-8.45815	-11.2261	-10.8795	-18.4279	-0.291741	-7.94785
10.7368	0.758621	-7.93183	-10.7745	-10.706	-17.9016	-0.818057	-7.94785
11.2632	0.758621	-7.40552	-10.3985	-10.7021	-17.3752	-1.34437	-7.94785
11.7895	0.758621	-6.8792	-10.1775	-10.8769	-16.8489	-1.87069	-7.94785
12.3158	0.758621	-6.35289	-10.1719	-11.2002	-16.3226	-2.397	-7.94785
12.8421	0.758621	-5.82657	-10.3849	-11.6294	-15.7963	-2.92332	-7.94785
13.3684	0.758621	-5.30025	-10.7669	-12.1228	-15.27	-3.44964	-7.94785
13.8947	0.758621	-4.77394	-11.2454	-12.6483	-14.7437	-3.97595	-7.94785
14.4211	0.758621	-4.24762	-11.7663	-13.1868	-14.2173	-4.50227	-7.94785
14.9474	0.758621	-3.72131	-12.3031	-13.73	-13.691	-5.02858	-7.94785
15.4737	0.758621	-3.19499	-12.8452	-14.2746	-13.1647	-5.5549	-7.94785
16	0.758621	-2.66868	-13.3889	-14.8194	-12.6384	-6.08121	-7.94785
6	0.827586	-12.8066	-15.2157	-14.4191	-22.7074	3.84982	-8.01682
6.52632	0.827586	-12.2803	-14.6361	-13.8398	-22.1811	3.3235	-8.01682
7.05263	0.827586	-11.754	-14.1391	-13.3437	-21.6547	2.79719	-8.01682
7.57895	0.827586	-11.2277	-13.652	-12.8595	-21.1284	2.27087	-8.01682
8.10526	0.827586	-10.7013	-13.1657	-12.3827	-20.6021	1.74456	-8.01682
8.63158	0.827586	-10.175	-12.6787	-11.9247	-20.0758	1.21824	-8.01682
9.15789	0.827586	-9.64871	-12.1911	-11.5109	-19.5495	0.691925	-8.01682
9.68421	0.827586	-9.1224	-11.7048	-11.1618	-19.0232	0.165609	-8.01682
10.2105	0.827586	-8.59608	-11.2261	-10.8795	-18.4968	-0.360707	-8.01682
10.7368	0.827586	-8.06976	-10.7745	-10.706	-17.9705	-0.887023	-8.01682
11.2632	0.827586	-7.54345	-10.3985	-10.7021	-17.4442	-1.41334	-8.01682
11.7895	0.827586	-7.01713	-10.1775	-10.8769	-16.9179	-1.93965	-8.01682
12.3158	0.827586	-6.49082	-10.1719	-11.2002	-16.3916	-2.46597	-8.01682
12.8421	0.827586	-5.9645	-10.3849	-11.6294	-15.8653	-2.99229	-8.01682
13.3684	0.827586	-5.43819	-10.7669	-12.1228	-15.3389	-3.5186	-8.01682
13.8947	0.827586	-4.91187	-11.2454	-12.6483	-14.8126	-4.04492	-8.01682
14.4211	0.827586	-4.38555	-11.7663	-13.1868	-14.2863	-4.57123	-8.01682
14.9474	0.827586	-3.85924	-12.3031	-13.73	-13.76	-5.09755	-8.01682
15.4737	0.827586	-3.33292	-12.8452	-14.2746	-13.2337	-5.62386	-8.01682
16	0.827586	-2.80661	-13.3889	-14.8194	-12.7074	-6.15018	-8.01682
6	0.896552	-12.9445	-15.2157	-14.4191	-22.7763	3.78085	-8.08578
6.52632	0.896552	-12.4182	-14.6361	-13.8398	-22.25	3.25454	-8.08578
7.05263	0.896552	-11.8919	-14.1391	-13.3437	-21.7237	2.72822	-8.08578
7.57895	0.896552	-11.3656	-13.652	-12.8595	-21.1974	2.20191	-8.08578
8.10526	0.896552	-10.8393	-13.1657	-12.3827	-20.6711	1.67559	-8.08578
8.63158	0.896552	-10.313	-12.6787	-11.9247	-20.1448	1.14928	-8.08578
9.15789	0.896552	-9.78664	-12.1911	-11.5109	-19.6184	0.622959	-8.08578
9.68421	0.896552	-9.26033	-11.7048	-11.1618	-19.0921	0.0966435	-8.08578
10.2105	0.896552	-8.73401	-11.2261	-10.8795	-18.5658	-0.429672	-8.08578
10.7368	0.896552	-8.2077	-10.7745	-10.706	-18.0395	-0.955988	-8.08578
11.2632	0.896552	-7.68138	-10.3985	-10.7021	-17.5132	-1.4823	-8.08578
11.7895	0.896552	-7.15506	-10.1775	-10.8769	-16.9869	-2.00862	-8.08578
12.3158	0.896552	-6.62875	-10.1719	-11.2002	-16.4605	-2.53494	-8.08578
12.8421	0.896552	-6.10243	-10.3849	-11.6294	-15.9342	-3.06125	-8.08578
13.3684	0.896552	-5.57612	-10.7669	-12.1228	-15.4079	-3.58757	-8.08578
13.8947	0.896552	-5.0498	-11.2454	-12.6483	-14.8816	-4.11388	-8.08578
14.4211	0.896552	-4.52349	-11.7663	-13.1868	-14.3553	-4.6402	-8.08578
14.9474	0.896552	-3.99717	-12.3031	-13.73	-13.829	-5.16651	-8.08578
15.4737	0.896552	-3.47085	-12.8452	-14.2746	-13.3026	-5.69283	-8.08578
16	0.896552	-2.94454	-13.3889	-14.8194	-12.7763	-6.21915	-8.08578
6	0.965517	-13.0825	-15.2157	-14.4191	-22.8453	3.71189	-8.15475
6.52632	0.965517	-12.5562	-14.6361	-13.8398	-22.319	3.18557	-8.15475
7.05263	0.965517	-12.0298	-14.1391	-13.3437	-21.7927	2.65926	-8.15475
7.57895	0.965517	-11.5035	-13.652	-12.8595	-21.2663	2.13294	-8.15475
8.10526	0.965517	-10.9772	-13.1657	-12.3827	-20.74	1.60663	-8.15475
8.63158	0.965517	-10.4509	-12.6787	-11.9247	-20.2137	1.08031	-8.15475
9.15789	0.965517	-9.92457	-12.1911	-11.5109	-19.6874	0.553994	-8.15475
9.68421	0.965517	-9.39826	-11.7048	-11.1618	-19.1611	0.027678	-8.15475
10.2105	0.965517	-8.87194	-11.2261	-10.8795	-18.6348	-0.498638	-8.15475
10.7368	0.965517	-8.34563	-10.7745	-10.706	-18.1085	-1.02495	-8.15475
11.2632	0.965517	-7.81931	-10.3985	-10.7021	-17.5821	-1.55127	-8.15475
11.7895	0.965517	-7.293	-10.1775	-10.8769	-17.0558	-2.07759	-8.15475
12.3158	0.965517	-6.76668	-10.1719	-11.2002	-16.5295	-2.6039	-8.15475
12.8421	0.965517	-6.24036	-10.3849	-11.6294	-16.0032	-3.13022	-8.15475
13.3684	0.965517	-5.71405	-10.7669	-12.1228	-15.4769	-3.65653	-8.15475
13.8947	0.965517	-5.18773	-11.2454	-12.6483	-14.9506	-4.18285	-8.15475
14.4211	0.965517	-4.66142	-11.7663	-13.1868	-14.4242	-4.70916	-8.15475
14.9474	0.965517	-4.1351	-12.3031	-13.73	-13.8979	-5.23548	-8.15475
15.4737	0.965517	-3.60878	-12.8452	-14.2746	-13.3716	-5.7618	-8.15475
16	0.965517	-3.08247	-13.3889	-14.8194	-12.8453	-6.28811	-8.15475
6	1.03448	-13.2204	-15.2157	-14.4191	-22.9143	3.64292	-8.22372
6.52632	1.03448	-12.6941	-14.6361	-13.8398	-22.3879	3.11661	-8.22372
7.05263	1.03448	-12.1678	-14.1391	-13.3437	-21.8616	2.59029	-8.22372
7.57895	1.03448	-11.6415	-13.652	-12.8595	-21.3353	2.06398	-8.22372
8.10526	1.03448	-11.1151	-13.1657	-12.3827	-20.809	1.53766	-8.22372
8.63158	1.03448	-10.5888	-12.6787	-11.9247	-20.2827	1.01134	-8.22372
9.15789	1.03448	-10.0625	-12.1911	-11.5109	-19.7564	0.485028	-8.22372
9.68421	1.03448	-9.53619	-11.7048	-11.1618	-19.2301	-0.0412875	-8.22372
10.2105	1.03448	-9.00987	-11.2261	-10.8795	-18.7037	-0.567603	-8.22372
10.7368	1.03448	-8.48356	-10.7745	-10.706	-18.1774	-1.09392	-8.22372
11.2632	1.03448	-7.95724	-10.3985	-10.7021	-17.6511	-1.62023	-8.22372
11.7895	1.03448	-7.43093	-10.1775	-10.8769	-17.1248	-2.14655	-8.22372
12.3158	1.03448	-6.90461	-10.1719	-11.2002	-16.5985	-2.67287	-8.22372
12.8421	1.03448	-6.37829	-10.3849	-11.6294	-16.0722	-3.19918	-8.22372
13.3684	1.03448	-5.85198	-10.7669	-12.1228	-15.5458	-3.7255	-8.22372
13.8947	1.03448	-5.32566	-11.2454	-12.6483	-15.0195	-4.25181	-8.22372
14.4211	1.03448	-4.79935	-11.7663	-13.1868	-14.4932	-4.77813	-8.22372
14.9474	1.03448	-4.27303	-12.3031	-13.73	-13.9669	-5.30445	-8.22372
15.4737	1.03448	-3.74672	-12.8452	-14.2746	-13.4406	-5.83076	-8.22372
16	1.03448	-3.2204	-13.3889	-14.8194	-12.9143	-6.35708	-8.22372
6	1.10345	-13.3583	-15.2157	-14.4191	-22.9832	3.57396	-8.29268
6.52632	1.10345	-12.832	-14.6361	-13.8398	-22.4569	3.04764	-8.29268
7.05263	1.10345	-12.3057	-14.1391	-13.3437	-21.9306	2.52133	-8.29268
7.57895	1.10345	-11.7794	-13.652	-12.8595	-21.4043	1.99501	-8.29268
8.10526	1.10345	-11.2531	-13.1657	-12.3827	-20.878	1.46869	-8.29268
8.63158	1.10345	-10.7268	-12.6787	-11.9247	-20.3516	0.942379	-8.29268
9.15789	1.10345	-10.2004	-12.1911	-11.5109	-19.8253	0.416063	-8.29268
9.68421	1.10345	-9.67412	-11.7048	-11.1618	-19.299	-0.110253	-8.29268
10.2105	1.10345	-9.1478	-11.2261	-10.8795	-18.7727	-0.636569	-8.29268
10.7368	1.10345	-8.62149	-10.7745	-10.706	-18.2464	-1.16288	-8.29268
11.2632	1.10345	-8.09517	-10.3985	-10.7021	-17.7201	-1.6892	-8.29268
11.7895	1.10345	-7.56886	-10.1775	-10.8769	-17.1938	-2.21552	-8.29268
12.3158	1.10345	-7.04254	-10.1719	-11.2002	-16.6674	-2.74183	-8.29268
12.8421	1.10345	-6.51623	-10.3849	-11.6294	-16.1411	-3.26815	-8.29268
13.3684	1.10345	-5.98991	-10.7669	-12.1228	-15.6148	-3.79446	-8.29268
13.8947	1.10345	-5.46359	-11.2454	-12.6483	-15.0885	-4.32078	-8.29268
14.4211	1.10345	-4.93728	-11.7663	-13.1868	-14.5622	-4.8471	-8.29268
14.9474	1.10345	-4.41096	-12.3031	-13.73	-14.0359	-5.37341	-8.29268
15.4737	1.10345	-3.88465	-12.8452	-14.2746	-13.5095	-5.89973	-8.29268
16	1.10345	-3.35833	-13.3889	-14.8194	-12.9832	-6.42604	-8.29268
6	1.17241	-13.4963	-15.2157	-14.4191	-23.0522	3.50499	-8.36165
6.52632	1.17241	-12.9699	-14.6361	-13.8398	-22.5259	2.97868	-8.36165
7.05263	1.17241	-12.4436	-14.1391	-13.3437	-21.9996	2.45236	-8.36165
7.57895	1.17241	-11.9173	-13.652	-12.8595	-21.4732	1.92604	-8.36165
8.10526	1.17241	-11.391	-13.1657	-12.3827	-20.9469	1.39973	-8.36165
8.63158	1.17241	-10.8647	-12.6787	-11.9247	-20.4206	0.873413	-8.36165
9.15789	1.17241	-10.3384	-12.1911	-11.5109	-19.8943	0.347097	-8.36165
9.68421	1.17241	-9.81205	-11.7048	-11.1618	-19.368	-0.179219	-8.36165
10.2105	1.17241	-9.28574	-11.2261	-10.8795	-18.8417	-0.705534	-8.36165
10.7368	1.17241	-8.75942	-10.7745	-10.706	-18.3154	-1.23185	-8.36165
11.2632	1.17241	-8.2331	-10.3985	-10.7021	-17.789	-1.75817	-8.36165
11.7895	1.17241	-7.70679	-10.1775	-10.8769	-17.2627	-2.28448	-8.36165
12.3158	1.17241	-7.18047	-10.1719	-11.2002	-16.7364	-2.8108	-8.36165
12.8421	1.17241	-6.65416	-10.3849	-11.6294	-16.2101	-3.33711	-8.36165
13.3684	1.17241	-6.12784	-10.7669	-12.1228	-15.6838	-3.86343	-8.36165
13.8947	1.17241	-5.60153	-11.2454	-12.6483	-15.1575	-4.38974	-8.36165
14.4211	1.17241	-5.07521	-11.7663	-13.1868	-14.6311	-4.91606	-8.36165
14.9474	1.17241	-4.54889	-12.3031	-13.73	-14.1048	-5.44238	-8.36165
15.4737	1.17241	-4.02258	-12.8452	-14.2746	-13.5785	-5.96869	-8.36165
16	1.17241	-3.49626	-13.3889	-14.8194	-13.0522	-6.49501	-8.36165
6	1.24138	-13.6342	-15.2157	-14.4191	-23.1212	3.43603	-8.43061
6.52632	1.24138	-13.1079	-14.6361	-13.8398	-22.5948	2.90971	-8.43061
7.05263	1.24138	-12.5816	-14.1391	-13.3437	-22.0685	2.38339	-8.43061
7.57895	1.24138	-12.0552	-13.652	-12.8595	-21.5422	1.85708	-8.43061
8.10526	1.24138	-11.5289	-13.1657	-12.3827	-21.0159	1.33076	-8.43061
8.63158	1.24138	-11.0026	-12.6787	-11.9247	-20.4896	0.804448	-8.43061
9.15789	1.24138	-10.4763	-12.1911	-11.5109	-19.9633	0.278132	-8.43061
9.68421	1.24138	-9.94998	-11.7048	-11.1618	-19.4369	-0.248184	-8.43061
10.2105	1.24138	-9.42367	-11.2261	-10.8795	-18.9106	-0.7745	-8.43061
10.7368	1.24138	-8.89735	-10.7745	-10.706	-18.3843	-1.30082	-8.43061
11.2632	1.24138	-8.37104	-10.3985	-10.7021	-17.858	-1.82713	-8.43061
11.7895	1.24138	-7.84472	-10.1775	-10.8769	-17.3317	-2.35345	-8.43061
12.3158	1.24138	-7.3184	-10.1719	-11.2002	-16.8054	-2.87976	-8.43061
12.8421	1.24138	-6.79209	-10.3849	-11.6294	-16.2791	-3.40608	-8.43061
13.3684	1.24138	-6.26577	-10.7669	-12.1228	-15.7527	-3.93239	-8.43061
13.8947	1.24138	-5.73946	-11.2454	-12.6483	-15.2264	-4.45871	-8.43061
14.4211	1.24138	-5.21314	-11.7663	-13.1868	-14.7001	-4.98503	-8.43061
14.9474	1.24138	-4.68682	-12.3031	-13.73	-14.1738	-5.51134	-8.43061
15.4737	1.24138	-4.16051	-12.8452	-14.2746	-13.6475	-6.03766	-8.43061
16	1.24138	-3.63419	-13.3889	-14.8194	-13.1212	-6.56397	-8.43061
6	1.31034	-13.7721	-15.2157	-14.4191	-23.1901	3.36706	-8.49958
6.52632	1.31034	-13.2458	-14.6361	-13.8398	-22.6638	2.84075	-8.49958
7.05263	1.31034	-12.7195	-14.1391	-13.3437	-22.1375	2.31443	-8.49958
7.57895	1.31034	-12.1932	-13.652	-12.8595	-21.6112	1.78811	-8.49958
8.10526	1.31034	-11.6669	-13.1657	-12.3827	-21.0849	1.2618	-8.49958
8.63158	1.31034	-11.1405	-12.6787	-11.9247	-20.5585	0.735482	-8.49958
9.15789	1.31034	-10.6142	-12.1911	-11.5109	-20.0322	0.209166	-8.49958
9.68421	1.31034	-10.0879	-11.7048	-11.1618	-19.5059	-0.31715	-8.49958
10.2105	1.31034	-9.5616	-11.2261	-10.8795	-18.9796	-0.843465	-8.49958
10.7368	1.31034	-9.03528	-10.7745	-10.706	-18.4533	-1.36978	-8.49958
11.2632	1.31034	-8.50897	-10.3985	-10.7021	-17.927	-1.8961	-8.49958
11.7895	1.31034	-7.98265	-10.1775	-10.8769	-17.4007	-2.42241	-8.49958
12.3158	1.31034	-7.45633	-10.1719	-11.2002	-16.8743	-2.94873	-8.49958
12.8421	1.31034	-6.93002	-10.3849	-11.6294	-16.348	-3.47504	-8.49958
13.3684	1.31034	-6.4037	-10.7669	-12.1228	-15.8217	-4.00136	-8.49958
13.8947	1.31034	-5.87739	-11.2454	-12.6483	-15.2954	-4.52768	-8.49958
14.4211	1.31034	-5.35107	-11.7663	-13.1868	-14.7691	-5.05399	-8.49958
14.9474	1.31034	-4.82476	-12.3031	-13.73	-14.2428	-5.58031	-8.49958
15.4737	1.31034	-4.29844	-12.8452	-14.2746	-13.7164	-6.10662	-8.49958
16	1.31034	-3.77212	-13.3889	-14.8194	-13.1901	-6.63294	-8.49958
6	1.37931	-13.9101	-15.2157	-14.4191	-23.2591	3.2981	-8.56854
6.52632	1.37931	-13.3837	-14.6361	-13.8398	-22.7328	2.77178	-8.56854
7.05263	1.37931	-12.8574	-14.1391	-13.3437	-22.2065	2.24546	-8.56854
7.57895	1.37931	-12.3311	-13.652	-12.8595	-21.6801	1.71915	-8.56854
8.10526	1.37931	-11.8048	-13.1657	-12.3827	-21.1538	1.19283	-8.56854
8.63158	1.37931	-11.2785	-12.6787	-11.9247	-20.6275	0.666516	-8.56854
9.15789	1.37931	-10.7522	-12.1911	-11.5109	-20.1012	0.140201	-8.56854
9.68421	1.37931	-10.2258	-11.7048	-11.1618	-19.5749	-0.386115	-8.56854
10.2105	1.37931	-9.69953	-11.2261	-10.8795	-19.0486	-0.912431	-8.56854
10.7368	1.37931	-9.17321	-10.7745	-10.706	-18.5222	-1.43875	-8.56854
11.2632	1.37931	-8.6469	-10.3985	-10.7021	-17.9959	-1.96506	-8.56854
11.7895	1.37931	-8.12058	-10.1775	-10.8769	-17.4696	-2.49138	-8.56854
12.3158	1.37931	-7.59427	-10.1719	-11.2002	-16.9433	-3.01769	-8.56854
12.8421	1.37931	-7.06795	-10.3849	-11.6294	-16.417	-3.54401	-8.56854
13.3684	1.37931	-6.54163	-10.7669	-12.1228	-15.8907	-4.07033	-8.56854
13.8947	1.37931	-6.01532	-11.2454	-12.6483	-15.3644	-4.59664	-8.56854
14.4211	1.37931	-5.489	-11.7663	-13.1868	-14.838	-5.12296	-8.56854
14.9474	1.37931	-4.96269	-12.3031	-13.73	-14.3117	-5.64927	-8.56854
15.4737	1.37931	-4.43637	-12.8452	-14.2746	-13.7854	-6.17559	-8.56854
16	1.37931	-3.91006	-13.3889	-14.8194	-13.2591	-6.7019	-8.56854
6	1.44828	-14.048	-15.2157	-14.4191	-23.3281	3.22913	-8.63751
6.52632	1.44828	-13.5217	-14.6361	-13.8398	-22.8017	2.70281	-8.63751
7.05263	1.44828	-12.9954	-14.1391	-13.3437	-22.2754	2.1765	-8.63751
7.57895	1.44828	-12.469	-13.652	-12.8595	-21.7491	1.65018	-8.63751
8.10526	1.44828	-11.9427	-13.1657	-12.3827	-21.2228	1.12387	-8.63751
8.63158	1.44828	-11.4164	-12.6787	-11.9247	-20.6965	0.597551	-8.63751
9.15789	1.44828	-10.8901	-12.1911	-11.5109	-20.1702	0.0712352	-8.63751
9.68421	1.44828	-10.3638	-11.7048	-11.1618	-19.6438	-0.455081	-8.63751
10.2105	1.44828	-9.83746	-11.2261	-10.8795	-19.1175	-0.981396	-8.63751
10.7368	1.44828	-9.31114	-10.7745	-10.706	-18.5912	-1.50771	-8.63751
11.2632	1.44828	-8.78483	-10.3985	-10.7021	-18.0649	-2.03403	-8.63751
11.7895	1.44828	-8.25851	-10.1775	-10.8769	-17.5386	-2.56034	-8.63751
12.3158	1.44828	-7.7322	-10.1719	-11.2002	-17.0123	-3.08666	-8.63751
12.8421	1.44828	-7.20588	-10.3849	-11.6294	-16.486	-3.61298	-8.63751
13.3684	1.44828	-6.67957	-10.7669	-12.1228	-15.9596	-4.13929	-8.63751
13.8947	1.44828	-6.15325	-11.2454	-12.6483	-15.4333	-4.66561	-8.63751
14.4211	1.44828	-5.62693	-11.7663	-13.1868	-14.907	-5.19192	-8.63751
14.9474	1.44828	-5.10062	-12.3031	-13.73	-14.3807	-5.71824	-8.63751
15.4737	1.44828	-4.5743	-12.8452	-14.2746	-13.8544	-6.24455	-8.63751
16	1.44828	-4.04799	-13.3889	-14.8194	-13.3281	-6.77087	-8.63751
6	1.51724	-14.1859	-15.2157	-14.4191	-23.397	3.16016	-8.70647
6.52632	1.51724	-13.6596	-14.6361	-13.8398	-22.8707	2.63385	-8.70647
7.05263	1.51724	-13.1333	-14.1391	-13.3437	-22.3444	2.10753	-8.70647
7.57895	1.51724	-12.607	-13.652	-12.8595	-21.8181	1.58122	-8.70647
8.10526	1.51724	-12.0807	-13.1657	-12.3827	-21.2918	1.0549	-8.70647
8.63158	1.51724	-11.5543	-12.6787	-11.9247	-20.7654	0.528585	-8.70647
9.15789	1.51724	-11.028	-12.1911	-11.5109	-20.2391	0.00226966	-8.70647
9.68421	1.51724	-10.5017	-11.7048	-11.1618	-19.7128	-0.524046	-8.70647
10.2105	1.51724	-9.97539	-11.2261	-10.8795	-19.1865	-1.05036	-8.70647
10.7368	1.51724	-9.44908	-10.7745	-10.706	-18.6602	-1.57668	-8.70647
11.2632	1.51724	-8.92276	-10.3985	-10.7021	-18.1339	-2.10299	-8.70647
11.7895	1.51724	-8.39644	-10.1775	-10.8769	-17.6075	-2.62931	-8.70647
12.3158	1.51724	-7.87013	-10.1719	-11.2002	-17.0812	-3.15563	-8.70647
12.8421	1.51724	-7.34381	-10.3849	-11.6294	-16.5549	-3.68194	-8.70647
13.3684	1.51724	-6.8175	-10.7669	-12.1228	-16.0286	-4.20826	-8.70647
13.8947	1.51724	-6.29118	-11.2454	-12.6483	-15.5023	-4.73457	-8.70647
14.4211	1.51724	-5.76486	-11.7663	-13.1868	-14.976	-5.26089	-8.70647
14.9474	1.51724	-5.23855	-12.3031	-13.73	-14.4497	-5.7872	-8.70647
15.4737	1.51724	-4.71223	-12.8452	-14.2746	-13.9233	-6.31352	-8.70647
16	1.51724	-4.18592	-13.3889	-14.8194	-13.397	-6.83984	-8.70647
6	1.58621	-14.3238	-15.2157	-14.4191	-23.466	3.0912	-8.77544
6.52632	1.58621	-13.7975	-14.6361	-13.8398	-22.9397	2.56488	-8.77544
7.05263	1.58621	-13.2712	-14.1391	-13.3437	-22.4134	2.03857	-8.77544
7.57895	1.58621	-12.7449	-13.652	-12.8595	-21.887	1.51225	-8.77544
8.10526	1.58621	-12.2186	-13.1657	-12.3827	-21.3607	0.985936	-8.77544
8.63158	1.58621	-11.6923	-12.6787	-11.9247	-20.8344	0.45962	-8.77544
9.15789	1.58621	-11.166	-12.1911	-11.5109	-20.3081	-0.0666959	-8.77544
9.68421	1.58621	-10.6396	-11.7048	-11.1618	-19.7818	-0.593012	-8.77544
10.2105	1.58621	-10.1133	-11.2261	-10.8795	-19.2555	-1.11933	-8.77544
10.7368	1.58621	-9.58701	-10.7745	-10.706	-18.7291	-1.64564	-8.77544
11.2632	1.58621	-9.06069	-10.3985	-10.7021	-18.2028	-2.17196	-8.77544
11.7895	1.58621	-8.53437	-10.1775	-10.8769	-17.6765	-2.69827	-8.77544
12.3158	1.58621	-8.00806	-10.1719	-11.2002	-17.1502	-3.22459	-8.77544
12.8421	1.58621	-7.48174	-10.3849	-11.6294	-16.6239	-3.75091	-8.77544
13.3684	1.58621	-6.95543	-10.7669	-12.1228	-16.0976	-4.27722	-8.77544
13.8947	1.58621	-6.42911	-11.2454	-12.6483	-15.5712	-4.80354	-8.77544
14.4211	1.58621	-5.9028	-11.7663	-13.1868	-15.0449	-5.32985	-8.77544
14.9474	1.58621	-5.37648	-12.3031	-13.73	-14.5186	-5.85617	-8.77544
15.4737	1.58621	-4.85016	-12.8452	-14.2746	-13.9923	-6.38249	-8.77544
16	1.58621	-4.32385	-13.3889	-14.8194	-13.466	-6.9088	-8.77544
6	1.65517	-14.4618	-15.2157	-14.4191	-23.535	3.02223	-8.84441
6.52632	1.65517	-13.9355	-14.6361	-13.8398	-23.0086	2.49592	-8.84441
7.05263	1.65517	-13.4091	-14.1391	-13.3437	-22.4823	1.9696	-8.84441
7.57895	1.65517	-12.8828	-13.652	-12.8595	-21.956	1.44329	-8.84441
8.10526	1.65517	-12.3565	-13.1657	-12.3827	-21.4297	0.91697	-8.84441
8.63158	1.65517	-11.8302	-12.6787	-11.9247	-20.9034	0.390654	-8.84441
9.15789	1.65517	-11.3039	-12.1911	-11.5109	-20.3771	-0.135661	-8.84441
9.68421	1.65517	-10.7776	-11.7048	-11.1618	-19.8507	-0.661977	-8.84441
10.2105	1.65517	-10.2513	-11.2261	-10.8795	-19.3244	-1.18829	-8.84441
10.7368	1.65517	-9.72494	-10.7745	-10.706	-18.7981	-1.71461	-8.84441
11.2632	1.65517	-9.19862	-10.3985	-10.7021	-18.2718	-2.24092	-8.84441
11.7895	1.65517	-8.67231	-10.1775	-10.8769	-17.7455	-2.76724	-8.84441
12.3158	1.65517	-8.14599	-10.1719	-11.2002	-17.2192	-3.29356	-8.84441
12.8421	1.65517	-7.61967	-10.3849	-11.6294	-16.6928	-3.81987	-8.84441
13.3684	1.65517	-7.09336	-10.7669	-12.1228	-16.1665	-4.34619	-8.84441
13.8947	1.65517	-6.56704	-11.2454	-12.6483	-15.6402	-4.8725	-8.84441
14.4211	1.65517	-6.04073	-11.7663	-13.1868	-15.1139	-5.39882	-8.84441
14.9474	1.65517	-5.51441	-12.3031	-13.73	-14.5876	-5.92514	-8.84441
15.4737	1.65517	-4.9881	-12.8452	-14.2746	-14.0613	-6.45145	-8.84441
16	1.65517	-4.46178	-13.3889	-14.8194	-13.535	-6.97777	-8.84441
6	1.72414	-14.5997	-15.2157	-14.4191	-23.6039	2.95327	-8.91337
6.52632	1.72414	-14.0734	-14.6361	-13.8398	-23.0776	2.42695	-8.91337
7.05263	1.72414	-13.5471	-14.1391	-13.3437	-22.5513	1.90064	-8.91337
7.57895	1.72414	-13.0208	-13.652	-12.8595	-22.025	1.37432	-8.91337
8.10526	1.72414	-12.4944	-13.1657	-12.3827	-21.4987	0.848005	-8.91337
8.63158	1.72414	-11.9681	-12.6787	-11.9247	-20.9723	0.321689	-8.91337
9.15789	1.72414	-11.4418	-12.1911	-11.5109	-20.446	-0.204627	-8.91337
9.68421	1.72414	-10.9155	-11.7048	-11.1618	-19.9197	-0.730943	-8.91337
10.2105	1.72414	-10.3892	-11.2261	-10.8795	-19.3934	-1.25726	-8.91337
10.7368	1.72414	-9.86287	-10.7745	-10.706	-18.8671	-1.78357	-8.91337
11.2632	1.72414	-9.33655	-10.3985	-10.7021	-18.3408	-2.30989	-8.91337
11.7895	1.72414	-8.81024	-10.1775	-10.8769	-17.8144	-2.83621	-8.91337
12.3158	1.72414	-8.28392	-10.1719	-11.2002	-17.2881	-3.36252	-8.91337
12.8421	1.72414	-7.75761	-10.3849	-11.6294	-16.7618	-3.88884	-8.91337
13.3684	1.72414	-7.23129	-10.7669	-12.1228	-16.2355	-4.41515	-8.91337
13.8947	1.72414	-6.70497	-11.2454	-12.6483	-15.7092	-4.94147	-8.91337
14.4211	1.72414	-6.17866	-11.7663	-13.1868	-15.1829	-5.46778	-8.91337
14.9474	1.72414	-5.65234	-12.3031	-13.73	-14.6565	-5.9941	-8.91337
15.4737	1.72414	-5.12603	-12.8452	-14.2746	-14.1302	-6.52042	-8.91337
16	1.72414	-4.59971	-13.3889	-14.8194	-13.6039	-7.04673	-8.91337
6	1.7931	-14.7376	-15.2157	-14.4191	-23.6729	2.8843	-8.98234
6.52632	1.7931	-14.2113	-14.6361	-13.8398	-23.1466	2.35799	-8.98234
7.05263	1.7931	-13.685	-14.1391	-13.3437	-22.6203	1.83167	-8.98234
7.57895	1.7931	-13.1587	-13.652	-12.8595	-22.0939	1.30535	-8.98234
8.10526	1.7931	-12.6324	-13.1657	-12.3827	-21.5676	0.779039	-8.98234
8.63158	1.7931	-12.1061	-12.6787	-11.9247	-21.0413	0.252723	-8.98234
9.15789	1.7931	-11.5797	-12.1911	-11.5109	-20.515	-0.273592	-8.98234
9.68421	1.7931	-11.0534	-11.7048	-11.1618	-19.9887	-0.799908	-8.98234
10.2105	1.7931	-10.5271	-11.2261	-10.8795	-19.4624	-1.32622	-8.98234
10.7368	1.7931	-10.0008	-10.7745	-10.706	-18.936	-1.85254	-8.98234
11.2632	1.7931	-9.47448	-10.3985	-10.7021	-18.4097	-2.37886	-8.98234
11.7895	1.7931	-8.94817	-10.1775	-10.8769	-17.8834	-2.90517	-8.98234
12.3158	1.7931	-8.42185	-10.1719	-11.2002	-17.3571	-3.43149	-8.98234
12.8421	1.7931	-7.89554	-10.3849	-11.6294	-16.8308	-3.9578	-8.98234
13.3684	1.7931	-7.36922	-10.7669	-12.1228	-16.3045	-4.48412	-8.98234
13.8947	1.7931	-6.8429	-11.2454	-12.6483	-15.7781	-5.01043	-8.98234
14.4211	1.7931	-6.31659	-11.7663	-13.1868	-15.2518	-5.53675	-8.98234
14.9474	1.7931	-5.79027	-12.3031	-13.73	-14.7255	-6.06307	-8.98234
15.4737	1.7931	-5.26396	-12.8452	-14.2746	-14.1992	-6.58938	-8.98234
16	1.7931	-4.73764	-13.3889	-14.8194	-13.6729	-7.1157	-8.98234
6	1.86207	-14.8756	-15.2157	-14.4191	-23.7418	2.81534	-9.0513
6.52632	1.86207	-14.3493	-14.6361	-13.8398	-23.2155	2.28902	-9.0513
7.05263	1.86207	-13.8229	-14.1391	-13.3437	-22.6892	1.76271	-9.0513
7.57895	1.86207	-13.2966	-13.652	-12.8595	-22.1629	1.23639	-9.0513
8.10526	1.86207	-12.7703	-13.1657	-12.3827	-21.6366	0.710074	-9.0513
8.63158	1.86207	-12.244	-12.6787	-11.9247	-21.1103	0.183758	-9.0513
9.15789	1.86207	-11.7177	-12.1911	-11.5109	-20.584	-0.342558	-9.0513
9.68421	1.86207	-11.1914	-11.7048	-11.1618	-20.0576	-0.868874	-9.0513
10.2105	1.86207	-10.665	-11.2261	-10.8795	-19.5313	-1.39519	-9.0513
10.7368	1.86207	-10.1387	-10.7745	-10.706	-19.005	-1.92151	-9.0513
11.2632	1.86207	-9.61241	-10.3985	-10.7021	-18.4787	-2.44782	-9.0513
11.7895	1.86207	-9.0861	-10.1775	-10.8769	-17.9524	-2.97414	-9.0513
12.3158	1.86207	-8.55978	-10.1719	-11.2002	-17.4261	-3.50045	-9.0513
12.8421	1.86207	-8.03347	-10.3849	-11.6294	-16.8997	-4.02677	-9.0513
13.3684	1.86207	-7.50715	-10.7669	-12.1228	-16.3734	-4.55308	-9.0513
13.8947	1.86207	-6.98084	-11.2454	-12.6483	-15.8471	-5.0794	-9.0513
14.4211	1.86207	-6.45452	-11.7663	-13.1868	-15.3208	-5.60572	-9.0513
14.9474	1.86207	-5.9282	-12.3031	-13.73	-14.7945	-6.13203	-9.0513
15.4737	1.86207	-5.40189	-12.8452	-14.2746	-14.2682	-6.65835	-9.0513
16	1.86207	-4.87557	-13.3889	-14.8194	-13.7418	-7.18466	-9.0513
6	1.93103	-15.0135	-15.2157	-14.4191	-23.8108	2.74637	-9.12027
6.52632	1.93103	-14.4872	-14.6361	-13.8398	-23.2845	2.22006	-9.12027
7.05263	1.93103	-13.9609	-14.1391	-13.3437	-22.7582	1.69374	-9.12027
7.57895	1.93103	-13.4346	-13.652	-12.8595	-22.2319	1.16742	-9.12027
8.10526	1.93103	-12.9082	-13.1657	-12.3827	-21.7056	0.641108	-9.12027
8.63158	1.93103	-12.3819	-12.6787	-11.9247	-21.1792	0.114792	-9.12027
9.15789	1.93103	-11.8556	-12.1911	-11.5109	-20.6529	-0.411523	-9.12027
9.68421	1.93103	-11.3293	-11.7048	-11.1618	-20.1266	-0.937839	-9.12027
10.2105	1.93103	-10.803	-11.2261	-10.8795	-19.6003	-1.46416	-9.12027
10.7368	1.93103	-10.2767	-10.7745	-10.706	-19.074	-1.99047	-9.12027
11.2632	1.93103	-9.75035	-10.3985	-10.7021	-18.5477	-2.51679	-9.12027
11.7895	1.93103	-9.22403	-10.1775	-10.8769	-18.0213	-3.0431	-9.12027
12.3158	1.93103	-8.69771	-10.1719	-11.2002	-17.495	-3.56942	-9.12027
12.8421	1.93103	-8.1714	-10.3849	-11.6294	-16.9687	-4.09573	-9.12027
13.3684	1.93103	-7.64508	-10.7669	-12.1228	-16.4424	-4.62205	-9.12027
13.8947	1.93103	-7.11877	-11.2454	-12.6483	-15.9161	-5.14837	-9.12027
14.4211	1.93103	-6.59245	-11.7663	-13.1868	-15.3898	-5.67468	-9.12027
14.9474	1.93103	-6.06614	-12.3031	-13.73	-14.8634	-6.201	-9.12027
15.4737	1.93103	-5.53982	-12.8452	-14.2746	-14.3371	-6.72731	-9.12027
16	1.93103	-5.0135	-13.3889	-14.8194	-13.8108	-7.25363	-9.12027
6	2	-15.1514	-15.2157	-14.4191	-23.8798	2.67741	-9.18923
6.52632	2	-14.6251	-14.6361	-13.8398	-23.3535	2.15109	-9.18923
7.05263	2	-14.0988	-14.1391	-13.3437	-22.8271	1.62477	-9.18923
7.57895	2	-13.5725	-13.652	-12.8595	-22.3008	1.09846	-9.18923
8.10526	2	-13.0462	-13.1657	-12.3827	-21.7745	0.572143	-9.18923
8.63158	2	-12.5199	-12.6787	-11.9247	-21.2482	0.0458268	-9.18923
9.15789	2	-11.9935	-12.1911	-11.5109	-20.7219	-0.480489	-9.18923
9.68421	2	-11.4672	-11.7048	-11.1618	-20.1956	-1.0068	-9.18923
10.2105	2	-10.9409	-11.2261	-10.8795	-19.6693	-1.53312	-9.18923
10.7368	2	-10.4146	-10.7745	-10.706	-19.1429	-2.05944	-9.18923
11.2632	2	-9.88828	-10.3985	-10.7021	-18.6166	-2.58575	-9.18923
11.7895	2	-9.36196	-10.1775	-10.8769	-18.0903	-3.11207	-9.18923
12.3158	2	-8.83565	-10.1719	-11.2002	-17.564	-3.63838	-9.18923
12.8421	2	-8.30933	-10.3849	-11.6294	-17.0377	-4.1647	-9.18923
13.3684	2	-7.78301	-10.7669	-12.1228	-16.5114	-4.69102	-9.18923
13.8947	2	-7.2567	-11.2454	-12.6483	-15.985	-5.21733	-9.18923
14.4211	2	-6.73038	-11.7663	-13.1868	-15.4587	-5.74365	-9.18923
14.9474	2	-6.20407	-12.3031	-13.73	-14.9324	-6.26996	-9.18923
15.4737	2	-5.67775	-12.8452	-14.2746	-14.4061	-6.79628	-9.18923
16	2	-5.15143	-13.3889	-14.8194	-13.8798	-7.32259	-9.18923
