6	0	43.5414
6.22449	0	43.9689
6.44898	0	44.0427
6.67347	0	43.9054
6.89796	0	43.6423
7.12245	0	43.3042
7.34694	0	42.9213
7.57143	0	42.5118
7.79592	0	42.0863
8.02041	0	41.6514
8.2449	0	41.2107
8.46939	0	40.7667
8.69388	0	40.3207
8.91837	0	39.8735
9.14286	0	39.4256
9.36735	0	38.9772
9.59184	0	38.5286
9.81633	0	38.0798
10.0408	0	37.631
10.2653	0	37.182
10.4898	0	36.733
10.7143	0	36.2838
10.9388	0	35.8345
11.1633	0	35.385
11.3878	0	34.9352
11.6122	0	34.4847
11.8367	0	34.0332
12.0612	0	33.5801
12.2857	0	33.1241
12.5102	0	32.6634
12.7347	0	32.1947
12.9592	0	31.7127
13.1837	0	31.2083
13.4082	0	30.6664
13.6327	0	30.0616
13.8571	0	29.3514
14.0816	0	28.4644
14.3061	0	27.2808
14.5306	0	25.6002
14.7551	0	23.0858
14.9796	0	19.1736
15.2041	0	12.9173
15.4286	0	2.73046
15.6531	0	-14.0473
15.8776	0	-41.8769
16.102	0	-88.2387
16.3265	0	-165.676
16.551	0	0
16.7755	0	0
17	0	0
6	0.0346729	43.6801
6.22449	0.0346729	44.1076
6.44898	0.0346729	44.1813
6.67347	0.0346729	44.0441
6.89796	0.0346729	43.781
7.12245	0.0346729	43.4429
7.34694	0.0346729	43.06
7.57143	0.0346729	42.6505
7.79592	0.0346729	42.225
8.02041	0.0346729	41.79
8.2449	0.0346729	41.3494
8.46939	0.0346729	40.9054
8.69388	0.0346729	40.4594
8.91837	0.0346729	40.0122
9.14286	0.0346729	39.5643
9.36735	0.0346729	39.1159
9.59184	0.0346729	38.6673
9.81633	0.0346729	38.2185
10.0408	0.0346729	37.7697
10.2653	0.0346729	37.3207
10.4898	0.0346729	36.8716
10.7143	0.0346729	36.4225
10.9388	0.0346729	35.9732
11.1633	0.0346729	35.5237
11.3878	0.0346729	35.0739
11.6122	0.0346729	34.6234
11.8367	0.0346729	34.1719
12.0612	0.0346729	33.7188
12.2857	0.0346729	33.2628
12.5102	0.0346729	32.8021
12.7347	0.0346729	32.3334
12.9592	0.0346729	31.8514
13.1837	0.0346729	31.347
13.4082	0.0346729	30.8051
13.6327	0.0346729	30.2003
13.8571	0.0346729	29.4901
14.0816	0.0346729	28.6031
14.3061	0.0346729	27.4195
14.5306	0.0346729	25.7389
14.7551	0.0346729	23.2245
14.9796	0.0346729	19.3123
15.2041	0.0346729	13.056
15.4286	0.0346729	2.86915
15.6531	0.0346729	-13.9086
15.8776	0.0346729	-41.7382
16.102	0.0346729	-88.1
16.3265	0.0346729	-165.537
16.551	0.0346729	0
16.7755	0.0346729	0
17	0.0346729	0
6	0.0693457	43.8188
6.22449	0.0693457	44.2463
6.44898	0.0693457	44.32
6.67347	0.0693457	44.1828
6.89796	0.0693457	43.9197
7.12245	0.0693457	43.5816
7.34694	0.0693457	43.1987
7.57143	0.0693457	42.7892
7.79592	0.0693457	42.3637
8.02041	0.0693457	41.9287
8.2449	0.0693457	41.4881
8.46939	0.0693457	41.0441
8.69388	0.0693457	40.5981
8.91837	0.0693457	40.1509
9.14286	0.0693457	39.703
9.36735	0.0693457	39.2546
9.59184	0.0693457	38.806
9.81633	0.0693457	38.3572
10.0408	0.0693457	37.9083
10.2653	0.0693457	37.4594
10.4898	0.0693457	37.0103
10.7143	0.0693457	36.5612
10.9388	0.0693457	36.1119
11.1633	0.0693457	35.6624
11.3878	0.0693457	35.2126
11.6122	0.0693457	34.7621
11.8367	0.0693457	34.3106
12.0612	0.0693457	33.8575
12.2857	0.0693457	33.4015
12.5102	0.0693457	32.9408
12.7347	0.0693457	32.4721
12.9592	0.0693457	31.99
13.1837	0.0693457	31.4857
13.4082	0.0693457	30.9438
13.6327	0.0693457	30.339
13.8571	0.0693457	29.6288
14.0816	0.0693457	28.7417
14.3061	0.0693457	27.5582
14.5306	0.0693457	25.8775
14.7551	0.0693457	23.3632
14.9796	0.0693457	19.451
15.2041	0.0693457	13.1947
15.4286	0.0693457	3.00784
15.6531	0.0693457	-13.7699
15.8776	0.0693457	-41.5996
16.102	0.0693457	-87.9613
16.3265	0.0693457	-165.398
16.551	0.0693457	0
16.7755	0.0693457	0
17	0.0693457	0
6	0.104019	43.9575
6.22449	0.104019	44.385
6.44898	0.104019	44.4587
6.67347	0.104019	44.3215
6.89796	0.104019	44.0584
7.12245	0.104019	43.7203
7.34694	0.104019	43.3374
7.57143	0.104019	42.9279
7.79592	0.104019	42.5024
8.02041	0.104019	42.0674
8.2449	0.104019	41.6268
8.46939	0.104019	41.1828
8.69388	0.104019	40.7368
8.91837	0.104019	40.2896
9.14286	0.104019	39.8417
9.36735	0.104019	39.3933
9.59184	0.104019	38.9447
9.81633	0.104019	38.4959
10.0408	0.104019	38.047
10.2653	0.104019	37.5981
10.4898	0.104019	37.149
10.7143	0.104019	36.6999
10.9388	0.104019	36.2506
11.1633	0.104019	35.8011
11.3878	0.104019	35.3512
11.6122	0.104019	34.9008
11.8367	0.104019	34.4493
12.0612	0.104019	33.9962
12.2857	0.104019	33.5402
12.5102	0.104019	33.0794
12.7347	0.104019	32.6108
12.9592	0.104019	32.1287
13.1837	0.104019	31.6243
13.4082	0.104019	31.0825
13.6327	0.104019	30.4777
13.8571	0.104019	29.7675
14.0816	0.104019	28.8804
14.3061	0.104019	27.6969
14.5306	0.104019	26.0162
14.7551	0.104019	23.5019
14.9796	0.104019	19.5897
15.2041	0.104019	13.3334
15.4286	0.104019	3.14653
15.6531	0.104019	-13.6312
15.8776	0.104019	-41.4609
16.102	0.104019	-87.8226
16.3265	0.104019	-165.26
16.551	0.104019	0
16.7755	0.104019	0
17	0.104019	0
6	0.138691	44.0962
6.22449	0.138691	44.5237
6.44898	0.138691	44.5974
6.67347	0.138691	44.4602
6.89796	0.138691	44.1971
7.12245	0.138691	43.859
7.34694	0.138691	43.4761
7.57143	0.138691	43.0665
7.79592	0.138691	42.6411
8.02041	0.138691	42.2061
8.2449	0.138691	41.7655
8.46939	0.138691	41.3215
8.69388	0.138691	40.8755
8.91837	0.138691	40.4283
9.14286	0.138691	39.9804
9.36735	0.138691	39.532
9.59184	0.138691	39.0834
9.81633	0.138691	38.6346
10.0408	0.138691	38.1857
10.2653	0.138691	37.7368
10.4898	0.138691	37.2877
10.7143	0.138691	36.8386
10.9388	0.138691	36.3893
11.1633	0.138691	35.9398
11.3878	0.138691	35.4899
11.6122	0.138691	35.0395
11.8367	0.138691	34.588
12.0612	0.138691	34.1349
12.2857	0.138691	33.6789
12.5102	0.138691	33.2181
12.7347	0.138691	32.7494
12.9592	0.138691	32.2674
13.1837	0.138691	31.763
13.4082	0.138691	31.2212
13.6327	0.138691	30.6164
13.8571	0.138691	29.9062
14.0816	0.138691	29.0191
14.3061	0.138691	27.8356
14.5306	0.138691	26.1549
14.7551	0.138691	23.6406
14.9796	0.138691	19.7284
15.2041	0.138691	13.4721
15.4286	0.138691	3.28523
15.6531	0.138691	-13.4925
15.8776	0.138691	-41.3222
16.102	0.138691	-87.6839
16.3265	0.138691	-165.121
16.551	0.138691	0
16.7755	0.138691	0
17	0.138691	0
6	0.173364	44.2349
6.22449	0.173364	44.6624
6.44898	0.173364	44.7361
6.67347	0.173364	44.5989
6.89796	0.173364	44.3358
7.12245	0.173364	43.9977
7.34694	0.173364	43.6148
7.57143	0.173364	43.2052
7.79592	0.173364	42.7798
8.02041	0.173364	42.3448
8.2449	0.173364	41.9042
8.46939	0.173364	41.4602
8.69388	0.173364	41.0142
8.91837	0.173364	40.567
9.14286	0.173364	40.1191
9.36735	0.173364	39.6707
9.59184	0.173364	39.2221
9.81633	0.173364	38.7733
10.0408	0.173364	38.3244
10.2653	0.173364	37.8755
10.4898	0.173364	37.4264
10.7143	0.173364	36.9773
10.9388	0.173364	36.528
11.1633	0.173364	36.0785
11.3878	0.173364	35.6286
11.6122	0.173364	35.1782
11.8367	0.173364	34.7267
12.0612	0.173364	34.2735
12.2857	0.173364	33.8176
12.5102	0.173364	33.3568
12.7347	0.173364	32.8881
12.9592	0.173364	32.4061
13.1837	0.173364	31.9017
13.4082	0.173364	31.3598
13.6327	0.173364	30.7551
13.8571	0.173364	30.0449
14.0816	0.173364	29.1578
14.3061	0.173364	27.9743
14.5306	0.173364	26.2936
14.7551	0.173364	23.7793
14.9796	0.173364	19.8671
15.2041	0.173364	13.6108
15.4286	0.173364	3.42392
15.6531	0.173364	-13.3539
15.8776	0.173364	-41.1835
16.102	0.173364	-87.5452
16.3265	0.173364	-164.982
16.551	0.173364	0
16.7755	0.173364	0
17	0.173364	0
6	0.208037	44.3736
6.22449	0.208037	44.8011
6.44898	0.208037	44.8748
6.67347	0.208037	44.7375
6.89796	0.208037	44.4745
7.12245	0.208037	44.1363
7.34694	0.208037	43.7535
7.57143	0.208037	43.3439
7.79592	0.208037	42.9185
8.02041	0.208037	42.4835
8.2449	0.208037	42.0429
8.46939	0.208037	41.5989
8.69388	0.208037	41.1529
8.91837	0.208037	40.7057
9.14286	0.208037	40.2577
9.36735	0.208037	39.8094
9.59184	0.208037	39.3608
9.81633	0.208037	38.912
10.0408	0.208037	38.4631
10.2653	0.208037	38.0141
10.4898	0.208037	37.5651
10.7143	0.208037	37.116
10.9388	0.208037	36.6667
11.1633	0.208037	36.2172
11.3878	0.208037	35.7673
11.6122	0.208037	35.3169
11.8367	0.208037	34.8654
12.0612	0.208037	34.4122
12.2857	0.208037	33.9562
12.5102	0.208037	33.4955
12.7347	0.208037	33.0268
12.9592	0.208037	32.5448
13.1837	0.208037	32.0404
13.4082	0.208037	31.4985
13.6327	0.208037	30.8938
13.8571	0.208037	30.1835
14.0816	0.208037	29.2965
14.3061	0.208037	28.113
14.5306	0.208037	26.4323
14.7551	0.208037	23.918
14.9796	0.208037	20.0057
15.2041	0.208037	13.7495
15.4286	0.208037	3.56261
15.6531	0.208037	-13.2152
15.8776	0.208037	-41.0448
16.102	0.208037	-87.4066
16.3265	0.208037	-164.844
16.551	0.208037	0
16.7755	0.208037	0
17	0.208037	0
6	0.24271	44.5123
6.22449	0.24271	44.9398
6.44898	0.24271	45.0135
6.67347	0.24271	44.8762
6.89796	0.24271	44.6132
7.12245	0.24271	44.275
7.34694	0.24271	43.8922
7.57143	0.24271	43.4826
7.79592	0.24271	43.0572
8.02041	0.24271	42.6222
8.2449	0.24271	42.1816
8.46939	0.24271	41.7376
8.69388	0.24271	41.2916
8.91837	0.24271	40.8444
9.14286	0.24271	40.3964
9.36735	0.24271	39.9481
9.59184	0.24271	39.4995
9.81633	0.24271	39.0507
10.0408	0.24271	38.6018
10.2653	0.24271	38.1528
10.4898	0.24271	37.7038
10.7143	0.24271	37.2547
10.9388	0.24271	36.8054
11.1633	0.24271	36.3559
11.3878	0.24271	35.906
11.6122	0.24271	35.4556
11.8367	0.24271	35.0041
12.0612	0.24271	34.5509
12.2857	0.24271	34.0949
12.5102	0.24271	33.6342
12.7347	0.24271	33.1655
12.9592	0.24271	32.6835
13.1837	0.24271	32.1791
13.4082	0.24271	31.6372
13.6327	0.24271	31.0325
13.8571	0.24271	30.3222
14.0816	0.24271	29.4352
14.3061	0.24271	28.2517
14.5306	0.24271	26.571
14.7551	0.24271	24.0567
14.9796	0.24271	20.1444
15.2041	0.24271	13.8882
15.4286	0.24271	3.7013
15.6531	0.24271	-13.0765
15.8776	0.24271	-40.9061
16.102	0.24271	-87.2679
16.3265	0.24271	-164.705
16.551	0.24271	0
16.7755	0.24271	0
17	0.24271	0
6	0.277383	44.6509
6.22449	0.277383	45.0785
6.44898	0.277383	45.1522
6.67347	0.277383	45.0149
6.89796	0.277383	44.7518
7.12245	0.277383	44.4137
7.34694	0.277383	44.0309
7.57143	0.277383	43.6213
7.79592	0.277383	43.1958
8.02041	0.277383	42.7609
8.2449	0.277383	42.3203
8.46939	0.277383	41.8763
8.69388	0.277383	41.4303
8.91837	0.277383	40.9831
9.14286	0.277383	40.5351
9.36735	0.277383	40.0868
9.59184	0.277383	39.6382
9.81633	0.277383	39.1894
10.0408	0.277383	38.7405
10.2653	0.277383	38.2915
10.4898	0.277383	37.8425
10.7143	0.277383	37.3933
10.9388	0.277383	36.9441
11.1633	0.277383	36.4946
11.3878	0.277383	36.0447
11.6122	0.277383	35.5942
11.8367	0.277383	35.1428
12.0612	0.277383	34.6896
12.2857	0.277383	34.2336
12.5102	0.277383	33.7729
12.7347	0.277383	33.3042
12.9592	0.277383	32.8222
13.1837	0.277383	32.3178
13.4082	0.277383	31.7759
13.6327	0.277383	31.1711
13.8571	0.277383	30.4609
14.0816	0.277383	29.5739
14.3061	0.277383	28.3904
14.5306	0.277383	26.7097
14.7551	0.277383	24.1954
14.9796	0.277383	20.2831
15.2041	0.277383	14.0268
15.4286	0.277383	3.83999
15.6531	0.277383	-12.9378
15.8776	0.277383	-40.7674
16.102	0.277383	-87.1292
16.3265	0.277383	-164.566
16.551	0.277383	0
16.7755	0.277383	0
17	0.277383	0
6	0.312056	44.7896
6.22449	0.312056	45.2171
6.44898	0.312056	45.2909
6.67347	0.312056	45.1536
6.89796	0.312056	44.8905
7.12245	0.312056	44.5524
7.34694	0.312056	44.1696
7.57143	0.312056	43.76
7.79592	0.312056	43.3345
8.02041	0.312056	42.8996
8.2449	0.312056	42.459
8.46939	0.312056	42.015
8.69388	0.312056	41.569
8.91837	0.312056	41.1218
9.14286	0.312056	40.6738
9.36735	0.312056	40.2255
9.59184	0.312056	39.7768
9.81633	0.312056	39.3281
10.0408	0.312056	38.8792
10.2653	0.312056	38.4302
10.4898	0.312056	37.9812
10.7143	0.312056	37.532
10.9388	0.312056	37.0828
11.1633	0.312056	36.6333
11.3878	0.312056	36.1834
11.6122	0.312056	35.7329
11.8367	0.312056	35.2815
12.0612	0.312056	34.8283
12.2857	0.312056	34.3723
12.5102	0.312056	33.9116
12.7347	0.312056	33.4429
12.9592	0.312056	32.9609
13.1837	0.312056	32.4565
13.4082	0.312056	31.9146
13.6327	0.312056	31.3098
13.8571	0.312056	30.5996
14.0816	0.312056	29.7126
14.3061	0.312056	28.5291
14.5306	0.312056	26.8484
14.7551	0.312056	24.3341
14.9796	0.312056	20.4218
15.2041	0.312056	14.1655
15.4286	0.312056	3.97868
15.6531	0.312056	-12.7991
15.8776	0.312056	-40.6287
16.102	0.312056	-86.9905
16.3265	0.312056	-164.428
16.551	0.312056	0
16.7755	0.312056	0
17	0.312056	0
6	0.346729	44.9283
6.22449	0.346729	45.3558
6.44898	0.346729	45.4296
6.67347	0.346729	45.2923
6.89796	0.346729	45.0292
7.12245	0.346729	44.6911
7.34694	0.346729	44.3082
7.57143	0.346729	43.8987
7.79592	0.346729	43.4732
8.02041	0.346729	43.0383
8.2449	0.346729	42.5977
8.46939	0.346729	42.1537
8.69388	0.346729	41.7077
8.91837	0.346729	41.2604
9.14286	0.346729	40.8125
9.36735	0.346729	40.3642
9.59184	0.346729	39.9155
9.81633	0.346729	39.4668
10.0408	0.346729	39.0179
10.2653	0.346729	38.5689
10.4898	0.346729	38.1199
10.7143	0.346729	37.6707
10.9388	0.346729	37.2214
11.1633	0.346729	36.7719
11.3878	0.346729	36.3221
11.6122	0.346729	35.8716
11.8367	0.346729	35.4202
12.0612	0.346729	34.967
12.2857	0.346729	34.511
12.5102	0.346729	34.0503
12.7347	0.346729	33.5816
12.9592	0.346729	33.0996
13.1837	0.346729	32.5952
13.4082	0.346729	32.0533
13.6327	0.346729	31.4485
13.8571	0.346729	30.7383
14.0816	0.346729	29.8513
14.3061	0.346729	28.6678
14.5306	0.346729	26.9871
14.7551	0.346729	24.4727
14.9796	0.346729	20.5605
15.2041	0.346729	14.3042
15.4286	0.346729	4.11737
15.6531	0.346729	-12.6604
15.8776	0.346729	-40.49
16.102	0.346729	-86.8518
16.3265	0.346729	-164.289
16.551	0.346729	0
16.7755	0.346729	0
17	0.346729	0
6	0.381401	45.067
6.22449	0.381401	45.4945
6.44898	0.381401	45.5683
6.67347	0.381401	45.431
6.89796	0.381401	45.1679
7.12245	0.381401	44.8298
7.34694	0.381401	44.4469
7.57143	0.381401	44.0374
7.79592	0.381401	43.6119
8.02041	0.381401	43.177
8.2449	0.381401	42.7363
8.46939	0.381401	42.2923
8.69388	0.381401	41.8463
8.91837	0.381401	41.3991
9.14286	0.381401	40.9512
9.36735	0.381401	40.5028
9.59184	0.381401	40.0542
9.81633	0.381401	39.6055
10.0408	0.381401	39.1566
10.2653	0.381401	38.7076
10.4898	0.381401	38.2586
10.7143	0.381401	37.8094
10.9388	0.381401	37.3601
11.1633	0.381401	36.9106
11.3878	0.381401	36.4608
11.6122	0.381401	36.0103
11.8367	0.381401	35.5588
12.0612	0.381401	35.1057
12.2857	0.381401	34.6497
12.5102	0.381401	34.189
12.7347	0.381401	33.7203
12.9592	0.381401	33.2383
13.1837	0.381401	32.7339
13.4082	0.381401	32.192
13.6327	0.381401	31.5872
13.8571	0.381401	30.877
14.0816	0.381401	29.99
14.3061	0.381401	28.8065
14.5306	0.381401	27.1258
14.7551	0.381401	24.6114
14.9796	0.381401	20.6992
15.2041	0.381401	14.4429
15.4286	0.381401	4.25607
15.6531	0.381401	-12.5217
15.8776	0.381401	-40.3513
16.102	0.381401	-86.7131
16.3265	0.381401	-164.15
16.551	0.381401	0
16.7755	0.381401	0
17	0.381401	0
6	0.416074	45.2057
6.22449	0.416074	45.6332
6.44898	0.416074	45.7069
6.67347	0.416074	45.5697
6.89796	0.416074	45.3066
7.12245	0.416074	44.9685
7.34694	0.416074	44.5856
7.57143	0.416074	44.1761
7.79592	0.416074	43.7506
8.02041	0.416074	43.3157
8.2449	0.416074	42.875
8.46939	0.416074	42.431
8.69388	0.416074	41.985
8.91837	0.416074	41.5378
9.14286	0.416074	41.0899
9.36735	0.416074	40.6415
9.59184	0.416074	40.1929
9.81633	0.416074	39.7441
10.0408	0.416074	39.2953
10.2653	0.416074	38.8463
10.4898	0.416074	38.3972
10.7143	0.416074	37.9481
10.9388	0.416074	37.4988
11.1633	0.416074	37.0493
11.3878	0.416074	36.5995
11.6122	0.416074	36.149
11.8367	0.416074	35.6975
12.0612	0.416074	35.2444
12.2857	0.416074	34.7884
12.5102	0.416074	34.3277
12.7347	0.416074	33.859
12.9592	0.416074	33.377
13.1837	0.416074	32.8726
13.4082	0.416074	32.3307
13.6327	0.416074	31.7259
13.8571	0.416074	31.0157
14.0816	0.416074	30.1287
14.3061	0.416074	28.9451
14.5306	0.416074	27.2645
14.7551	0.416074	24.7501
14.9796	0.416074	20.8379
15.2041	0.416074	14.5816
15.4286	0.416074	4.39476
15.6531	0.416074	-12.383
15.8776	0.416074	-40.2126
16.102	0.416074	-86.5744
16.3265	0.416074	-164.011
16.551	0.416074	0
16.7755	0.416074	0
17	0.416074	0
6	0.450747	45.3444
6.22449	0.450747	45.7719
6.44898	0.450747	45.8456
6.67347	0.450747	45.7084
6.89796	0.450747	45.4453
7.12245	0.450747	45.1072
7.34694	0.450747	44.7243
7.57143	0.450747	44.3148
7.79592	0.450747	43.8893
8.02041	0.450747	43.4543
8.2449	0.450747	43.0137
8.46939	0.450747	42.5697
8.69388	0.450747	42.1237
8.91837	0.450747	41.6765
9.14286	0.450747	41.2286
9.36735	0.450747	40.7802
9.59184	0.450747	40.3316
9.81633	0.450747	39.8828
10.0408	0.450747	39.4339
10.2653	0.450747	38.985
10.4898	0.450747	38.5359
10.7143	0.450747	38.0868
10.9388	0.450747	37.6375
11.1633	0.450747	37.188
11.3878	0.450747	36.7382
11.6122	0.450747	36.2877
11.8367	0.450747	35.8362
12.0612	0.450747	35.3831
12.2857	0.450747	34.9271
12.5102	0.450747	34.4664
12.7347	0.450747	33.9977
12.9592	0.450747	33.5156
13.1837	0.450747	33.0113
13.4082	0.450747	32.4694
13.6327	0.450747	31.8646
13.8571	0.450747	31.1544
14.0816	0.450747	30.2674
14.3061	0.450747	29.0838
14.5306	0.450747	27.4032
14.7551	0.450747	24.8888
14.9796	0.450747	20.9766
15.2041	0.450747	14.7203
15.4286	0.450747	4.53345
15.6531	0.450747	-12.2443
15.8776	0.450747	-40.074
16.102	0.450747	-86.4357
16.3265	0.450747	-163.873
16.551	0.450747	0
16.7755	0.450747	0
17	0.450747	0
6	0.48542	45.4831
6.22449	0.48542	45.9106
6.44898	0.48542	45.9843
6.67347	0.48542	45.8471
6.89796	0.48542	45.584
7.12245	0.48542	45.2459
7.34694	0.48542	44.863
7.57143	0.48542	44.4535
7.79592	0.48542	44.028
8.02041	0.48542	43.593
8.2449	0.48542	43.1524
8.46939	0.48542	42.7084
8.69388	0.48542	42.2624
8.91837	0.48542	41.8152
9.14286	0.48542	41.3673
9.36735	0.48542	40.9189
9.59184	0.48542	40.4703
9.81633	0.48542	40.0215
10.0408	0.48542	39.5726
10.2653	0.48542	39.1237
10.4898	0.48542	38.6746
10.7143	0.48542	38.2255
10.9388	0.48542	37.7762
11.1633	0.48542	37.3267
11.3878	0.48542	36.8769
11.6122	0.48542	36.4264
11.8367	0.48542	35.9749
12.0612	0.48542	35.5218
12.2857	0.48542	35.0658
12.5102	0.48542	34.605
12.7347	0.48542	34.1364
12.9592	0.48542	33.6543
13.1837	0.48542	33.15
13.4082	0.48542	32.6081
13.6327	0.48542	32.0033
13.8571	0.48542	31.2931
14.0816	0.48542	30.406
14.3061	0.48542	29.2225
14.5306	0.48542	27.5418
14.7551	0.48542	25.0275
14.9796	0.48542	21.1153
15.2041	0.48542	14.859
15.4286	0.48542	4.67214
15.6531	0.48542	-12.1056
15.8776	0.48542	-39.9353
16.102	0.48542	-86.297
16.3265	0.48542	-163.734
16.551	0.48542	0
16.7755	0.48542	0
17	0.48542	0
6	0.520093	45.6218
6.22449	0.520093	46.0493
6.44898	0.520093	46.123
6.67347	0.520093	45.9858
6.89796	0.520093	45.7227
7.12245	0.520093	45.3846
7.34694	0.520093	45.0017
7.57143	0.520093	44.5922
7.79592	0.520093	44.1667
8.02041	0.520093	43.7317
8.2449	0.520093	43.2911
8.46939	0.520093	42.8471
8.69388	0.520093	42.4011
8.91837	0.520093	41.9539
9.14286	0.520093	41.506
9.36735	0.520093	41.0576
9.59184	0.520093	40.609
9.81633	0.520093	40.1602
10.0408	0.520093	39.7113
10.2653	0.520093	39.2624
10.4898	0.520093	38.8133
10.7143	0.520093	38.3642
10.9388	0.520093	37.9149
11.1633	0.520093	37.4654
11.3878	0.520093	37.0155
11.6122	0.520093	36.5651
11.8367	0.520093	36.1136
12.0612	0.520093	35.6605
12.2857	0.520093	35.2045
12.5102	0.520093	34.7437
12.7347	0.520093	34.2751
12.9592	0.520093	33.793
13.1837	0.520093	33.2886
13.4082	0.520093	32.7468
13.6327	0.520093	32.142
13.8571	0.520093	31.4318
14.0816	0.520093	30.5447
14.3061	0.520093	29.3612
14.5306	0.520093	27.6805
14.7551	0.520093	25.1662
14.9796	0.520093	21.254
15.2041	0.520093	14.9977
15.4286	0.520093	4.81083
15.6531	0.520093	-11.9669
15.8776	0.520093	-39.7966
16.102	0.520093	-86.1583
16.3265	0.520093	-163.595
16.551	0.520093	0
16.7755	0.520093	0
17	0.520093	0
6	0.554766	45.7605
6.22449	0.554766	46.188
6.44898	0.554766	46.2617
6.67347	0.554766	46.1245
6.89796	0.554766	45.8614
7.12245	0.554766	45.5233
7.34694	0.554766	45.1404
7.57143	0.554766	44.7308
7.79592	0.554766	44.3054
8.02041	0.554766	43.8704
8.2449	0.554766	43.4298
8.46939	0.554766	42.9858
8.69388	0.554766	42.5398
8.91837	0.554766	42.0926
9.14286	0.554766	41.6447
9.36735	0.554766	41.1963
9.59184	0.554766	40.7477
9.81633	0.554766	40.2989
10.0408	0.554766	39.85
10.2653	0.554766	39.4011
10.4898	0.554766	38.952
10.7143	0.554766	38.5029
10.9388	0.554766	38.0536
11.1633	0.554766	37.6041
11.3878	0.554766	37.1542
11.6122	0.554766	36.7038
11.8367	0.554766	36.2523
12.0612	0.554766	35.7991
12.2857	0.554766	35.3432
12.5102	0.554766	34.8824
12.7347	0.554766	34.4137
12.9592	0.554766	33.9317
13.1837	0.554766	33.4273
13.4082	0.554766	32.8854
13.6327	0.554766	32.2807
13.8571	0.554766	31.5705
14.0816	0.554766	30.6834
14.3061	0.554766	29.4999
14.5306	0.554766	27.8192
14.7551	0.554766	25.3049
14.9796	0.554766	21.3927
15.2041	0.554766	15.1364
15.4286	0.554766	4.94952
15.6531	0.554766	-11.8282
15.8776	0.554766	-39.6579
16.102	0.554766	-86.0196
16.3265	0.554766	-163.457
16.551	0.554766	0
16.7755	0.554766	0
17	0.554766	0
6	0.589439	45.8992
6.22449	0.589439	46.3267
6.44898	0.589439	46.4004
6.67347	0.589439	46.2631
6.89796	0.589439	46.0001
7.12245	0.589439	45.6619
7.34694	0.589439	45.2791
7.57143	0.589439	44.8695
7.79592	0.589439	44.4441
8.02041	0.589439	44.0091
8.2449	0.589439	43.5685
8.46939	0.589439	43.1245
8.69388	0.589439	42.6785
8.91837	0.589439	42.2313
9.14286	0.589439	41.7834
9.36735	0.589439	41.335
9.59184	0.589439	40.8864
9.81633	0.589439	40.4376
10.0408	0.589439	39.9887
10.2653	0.589439	39.5397
10.4898	0.589439	39.0907
10.7143	0.589439	38.6416
10.9388	0.589439	38.1923
11.1633	0.589439	37.7428
11.3878	0.589439	37.2929
11.6122	0.589439	36.8425
11.8367	0.589439	36.391
12.0612	0.589439	35.9378
12.2857	0.589439	35.4819
12.5102	0.589439	35.0211
12.7347	0.589439	34.5524
12.9592	0.589439	34.0704
13.1837	0.589439	33.566
13.4082	0.589439	33.0241
13.6327	0.589439	32.4194
13.8571	0.589439	31.7092
14.0816	0.589439	30.8221
14.3061	0.589439	29.6386
14.5306	0.589439	27.9579
14.7551	0.589439	25.4436
14.9796	0.589439	21.5313
15.2041	0.589439	15.2751
15.4286	0.589439	5.08821
15.6531	0.589439	-11.6896
15.8776	0.589439	-39.5192
16.102	0.589439	-85.8809
16.3265	0.589439	-163.318
16.551	0.589439	0
16.7755	0.589439	0
17	0.589439	0
6	0.624111	46.0379
6.22449	0.624111	46.4654
6.44898	0.624111	46.5391
6.67347	0.624111	46.4018
6.89796	0.624111	46.1388
7.12245	0.624111	45.8006
7.34694	0.624111	45.4178
7.57143	0.624111	45.0082
7.79592	0.624111	44.5828
8.02041	0.624111	44.1478
8.2449	0.624111	43.7072
8.46939	0.624111	43.2632
8.69388	0.624111	42.8172
8.91837	0.624111	42.37
9.14286	0.624111	41.922
9.36735	0.624111	41.4737
9.59184	0.624111	41.0251
9.81633	0.624111	40.5763
10.0408	0.624111	40.1274
10.2653	0.624111	39.6784
10.4898	0.624111	39.2294
10.7143	0.624111	38.7803
10.9388	0.624111	38.331
11.1633	0.624111	37.8815
11.3878	0.624111	37.4316
11.6122	0.624111	36.9812
11.8367	0.624111	36.5297
12.0612	0.624111	36.0765
12.2857	0.624111	35.6205
12.5102	0.624111	35.1598
12.7347	0.624111	34.6911
12.9592	0.624111	34.2091
13.1837	0.624111	33.7047
13.4082	0.624111	33.1628
13.6327	0.624111	32.5581
13.8571	0.624111	31.8478
14.0816	0.624111	30.9608
14.3061	0.624111	29.7773
14.5306	0.624111	28.0966
14.7551	0.624111	25.5823
14.9796	0.624111	21.67
15.2041	0.624111	15.4138
15.4286	0.624111	5.22691
15.6531	0.624111	-11.5509
15.8776	0.624111	-39.3805
16.102	0.624111	-85.7423
16.3265	0.624111	-163.179
16.551	0.624111	0
16.7755	0.624111	0
17	0.624111	0
6	0.658784	46.1766
6.22449	0.658784	46.6041
6.44898	0.658784	46.6778
6.67347	0.658784	46.5405
6.89796	0.658784	46.2774
7.12245	0.658784	45.9393
7.34694	0.658784	45.5565
7.57143	0.658784	45.1469
7.79592	0.658784	44.7214
8.02041	0.658784	44.2865
8.2449	0.658784	43.8459
8.46939	0.658784	43.4019
8.69388	0.658784	42.9559
8.91837	0.658784	42.5087
9.14286	0.658784	42.0607
9.36735	0.658784	41.6124
9.59184	0.658784	41.1638
9.81633	0.658784	40.715
10.0408	0.658784	40.2661
10.2653	0.658784	39.8171
10.4898	0.658784	39.3681
10.7143	0.658784	38.9189
10.9388	0.658784	38.4697
11.1633	0.658784	38.0202
11.3878	0.658784	37.5703
11.6122	0.658784	37.1198
11.8367	0.658784	36.6684
12.0612	0.658784	36.2152
12.2857	0.658784	35.7592
12.5102	0.658784	35.2985
12.7347	0.658784	34.8298
12.9592	0.658784	34.3478
13.1837	0.658784	33.8434
13.4082	0.658784	33.3015
13.6327	0.658784	32.6968
13.8571	0.658784	31.9865
14.0816	0.658784	31.0995
14.3061	0.658784	29.916
14.5306	0.658784	28.2353
14.7551	0.658784	25.721
14.9796	0.658784	21.8087
15.2041	0.658784	15.5525
15.4286	0.658784	5.3656
15.6531	0.658784	-11.4122
15.8776	0.658784	-39.2418
16.102	0.658784	-85.6036
16.3265	0.658784	-163.041
16.551	0.658784	0
16.7755	0.658784	0
17	0.658784	0
6	0.693457	46.3152
6.22449	0.693457	46.7428
6.44898	0.693457	46.8165
6.67347	0.693457	46.6792
6.89796	0.693457	46.4161
7.12245	0.693457	46.078
7.34694	0.693457	45.6952
7.57143	0.693457	45.2856
7.79592	0.693457	44.8601
8.02041	0.693457	44.4252
8.2449	0.693457	43.9846
8.46939	0.693457	43.5406
8.69388	0.693457	43.0946
8.91837	0.693457	42.6474
9.14286	0.693457	42.1994
9.36735	0.693457	41.7511
9.59184	0.693457	41.3025
9.81633	0.693457	40.8537
10.0408	0.693457	40.4048
10.2653	0.693457	39.9558
10.4898	0.693457	39.5068
10.7143	0.693457	39.0576
10.9388	0.693457	38.6084
11.1633	0.693457	38.1589
11.3878	0.693457	37.709
11.6122	0.693457	37.2585
11.8367	0.693457	36.8071
12.0612	0.693457	36.3539
12.2857	0.693457	35.8979
12.5102	0.693457	35.4372
12.7347	0.693457	34.9685
12.9592	0.693457	34.4865
13.1837	0.693457	33.9821
13.4082	0.693457	33.4402
13.6327	0.693457	32.8354
13.8571	0.693457	32.1252
14.0816	0.693457	31.2382
14.3061	0.693457	30.0547
14.5306	0.693457	28.374
14.7551	0.693457	25.8597
14.9796	0.693457	21.9474
15.2041	0.693457	15.6911
15.4286	0.693457	5.50429
15.6531	0.693457	-11.2735
15.8776	0.693457	-39.1031
16.102	0.693457	-85.4649
16.3265	0.693457	-162.902
16.551	0.693457	0
16.7755	0.693457	0
17	0.693457	0
6	0.72813	46.4539
6.22449	0.72813	46.8814
6.44898	0.72813	46.9552
6.67347	0.72813	46.8179
6.89796	0.72813	46.5548
7.12245	0.72813	46.2167
7.34694	0.72813	45.8339
7.57143	0.72813	45.4243
7.79592	0.72813	44.9988
8.02041	0.72813	44.5639
8.2449	0.72813	44.1233
8.46939	0.72813	43.6793
8.69388	0.72813	43.2333
8.91837	0.72813	42.786
9.14286	0.72813	42.3381
9.36735	0.72813	41.8898
9.59184	0.72813	41.4411
9.81633	0.72813	40.9924
10.0408	0.72813	40.5435
10.2653	0.72813	40.0945
10.4898	0.72813	39.6455
10.7143	0.72813	39.1963
10.9388	0.72813	38.7471
11.1633	0.72813	38.2976
11.3878	0.72813	37.8477
11.6122	0.72813	37.3972
11.8367	0.72813	36.9458
12.0612	0.72813	36.4926
12.2857	0.72813	36.0366
12.5102	0.72813	35.5759
12.7347	0.72813	35.1072
12.9592	0.72813	34.6252
13.1837	0.72813	34.1208
13.4082	0.72813	33.5789
13.6327	0.72813	32.9741
13.8571	0.72813	32.2639
14.0816	0.72813	31.3769
14.3061	0.72813	30.1934
14.5306	0.72813	28.5127
14.7551	0.72813	25.9984
14.9796	0.72813	22.0861
15.2041	0.72813	15.8298
15.4286	0.72813	5.64298
15.6531	0.72813	-11.1348
15.8776	0.72813	-38.9644
16.102	0.72813	-85.3262
16.3265	0.72813	-162.763
16.551	0.72813	0
16.7755	0.72813	0
17	0.72813	0
6	0.762803	46.5926
6.22449	0.762803	47.0201
6.44898	0.762803	47.0939
6.67347	0.762803	46.9566
6.89796	0.762803	46.6935
7.12245	0.762803	46.3554
7.34694	0.762803	45.9725
7.57143	0.762803	45.563
7.79592	0.762803	45.1375
8.02041	0.762803	44.7026
8.2449	0.762803	44.2619
8.46939	0.762803	43.818
8.69388	0.762803	43.3719
8.91837	0.762803	42.9247
9.14286	0.762803	42.4768
9.36735	0.762803	42.0285
9.59184	0.762803	41.5798
9.81633	0.762803	41.1311
10.0408	0.762803	40.6822
10.2653	0.762803	40.2332
10.4898	0.762803	39.7842
10.7143	0.762803	39.335
10.9388	0.762803	38.8857
11.1633	0.762803	38.4362
11.3878	0.762803	37.9864
11.6122	0.762803	37.5359
11.8367	0.762803	37.0845
12.0612	0.762803	36.6313
12.2857	0.762803	36.1753
12.5102	0.762803	35.7146
12.7347	0.762803	35.2459
12.9592	0.762803	34.7639
13.1837	0.762803	34.2595
13.4082	0.762803	33.7176
13.6327	0.762803	33.1128
13.8571	0.762803	32.4026
14.0816	0.762803	31.5156
14.3061	0.762803	30.3321
14.5306	0.762803	28.6514
14.7551	0.762803	26.137
14.9796	0.762803	22.2248
15.2041	0.762803	15.9685
15.4286	0.762803	5.78167
15.6531	0.762803	-10.9961
15.8776	0.762803	-38.8257
16.102	0.762803	-85.1875
16.3265	0.762803	-162.625
16.551	0.762803	0
16.7755	0.762803	0
17	0.762803	0
6	0.797476	46.7313
6.22449	0.797476	47.1588
6.44898	0.797476	47.2326
6.67347	0.797476	47.0953
6.89796	0.797476	46.8322
7.12245	0.797476	46.4941
7.34694	0.797476	46.1112
7.57143	0.797476	45.7017
7.79592	0.797476	45.2762
8.02041	0.797476	44.8413
8.2449	0.797476	44.4006
8.46939	0.797476	43.9566
8.69388	0.797476	43.5106
8.91837	0.797476	43.0634
9.14286	0.797476	42.6155
9.36735	0.797476	42.1671
9.59184	0.797476	41.7185
9.81633	0.797476	41.2697
10.0408	0.797476	40.8209
10.2653	0.797476	40.3719
10.4898	0.797476	39.9229
10.7143	0.797476	39.4737
10.9388	0.797476	39.0244
11.1633	0.797476	38.5749
11.3878	0.797476	38.1251
11.6122	0.797476	37.6746
11.8367	0.797476	37.2231
12.0612	0.797476	36.77
12.2857	0.797476	36.314
12.5102	0.797476	35.8533
12.7347	0.797476	35.3846
12.9592	0.797476	34.9026
13.1837	0.797476	34.3982
13.4082	0.797476	33.8563
13.6327	0.797476	33.2515
13.8571	0.797476	32.5413
14.0816	0.797476	31.6543
14.3061	0.797476	30.4707
14.5306	0.797476	28.7901
14.7551	0.797476	26.2757
14.9796	0.797476	22.3635
15.2041	0.797476	16.1072
15.4286	0.797476	5.92036
15.6531	0.797476	-10.8574
15.8776	0.797476	-38.687
16.102	0.797476	-85.0488
16.3265	0.797476	-162.486
16.551	0.797476	0
16.7755	0.797476	0
17	0.797476	0
6	0.832149	46.87
6.22449	0.832149	47.2975
6.44898	0.832149	47.3712
6.67347	0.832149	47.234
6.89796	0.832149	46.9709
7.12245	0.832149	46.6328
7.34694	0.832149	46.2499
7.57143	0.832149	45.8404
7.79592	0.832149	45.4149
8.02041	0.832149	44.9799
8.2449	0.832149	44.5393
8.46939	0.832149	44.0953
8.69388	0.832149	43.6493
8.91837	0.832149	43.2021
9.14286	0.832149	42.7542
9.36735	0.832149	42.3058
9.59184	0.832149	41.8572
9.81633	0.832149	41.4084
10.0408	0.832149	40.9596
10.2653	0.832149	40.5106
10.4898	0.832149	40.0615
10.7143	0.832149	39.6124
10.9388	0.832149	39.1631
11.1633	0.832149	38.7136
11.3878	0.832149	38.2638
11.6122	0.832149	37.8133
11.8367	0.832149	37.3618
12.0612	0.832149	36.9087
12.2857	0.832149	36.4527
12.5102	0.832149	35.992
12.7347	0.832149	35.5233
12.9592	0.832149	35.0413
13.1837	0.832149	34.5369
13.4082	0.832149	33.995
13.6327	0.832149	33.3902
13.8571	0.832149	32.68
14.0816	0.832149	31.793
14.3061	0.832149	30.6094
14.5306	0.832149	28.9288
14.7551	0.832149	26.4144
14.9796	0.832149	22.5022
15.2041	0.832149	16.2459
15.4286	0.832149	6.05905
15.6531	0.832149	-10.7187
15.8776	0.832149	-38.5483
16.102	0.832149	-84.9101
16.3265	0.832149	-162.347
16.551	0.832149	0
16.7755	0.832149	0
17	0.832149	0
6	0.866821	47.0087
6.22449	0.866821	47.4362
6.44898	0.866821	47.5099
6.67347	0.866821	47.3727
6.89796	0.866821	47.1096
7.12245	0.866821	46.7715
7.34694	0.866821	46.3886
7.57143	0.866821	45.9791
7.79592	0.866821	45.5536
8.02041	0.866821	45.1186
8.2449	0.866821	44.678
8.46939	0.866821	44.234
8.69388	0.866821	43.788
8.91837	0.866821	43.3408
9.14286	0.866821	42.8929
9.36735	0.866821	42.4445
9.59184	0.866821	41.9959
9.81633	0.866821	41.5471
10.0408	0.866821	41.0982
10.2653	0.866821	40.6493
10.4898	0.866821	40.2002
10.7143	0.866821	39.7511
10.9388	0.866821	39.3018
11.1633	0.866821	38.8523
11.3878	0.866821	38.4025
11.6122	0.866821	37.952
11.8367	0.866821	37.5005
12.0612	0.866821	37.0474
12.2857	0.866821	36.5914
12.5102	0.866821	36.1307
12.7347	0.866821	35.662
12.9592	0.866821	35.1799
13.1837	0.866821	34.6756
13.4082	0.866821	34.1337
13.6327	0.866821	33.5289
13.8571	0.866821	32.8187
14.0816	0.866821	31.9317
14.3061	0.866821	30.7481
14.5306	0.866821	29.0675
14.7551	0.866821	26.5531
14.9796	0.866821	22.6409
15.2041	0.866821	16.3846
15.4286	0.866821	6.19775
15.6531	0.866821	-10.58
15.8776	0.866821	-38.4097
16.102	0.866821	-84.7714
16.3265	0.866821	-162.208
16.551	0.866821	0
16.7755	0.866821	0
17	0.866821	0
6	0.901494	47.1474
6.22449	0.901494	47.5749
6.44898	0.901494	47.6486
6.67347	0.901494	47.5114
6.89796	0.901494	47.2483
7.12245	0.901494	46.9102
7.34694	0.901494	46.5273
7.57143	0.901494	46.1178
7.79592	0.901494	45.6923
8.02041	0.901494	45.2573
8.2449	0.901494	44.8167
8.46939	0.901494	44.3727
8.69388	0.901494	43.9267
8.91837	0.901494	43.4795
9.14286	0.901494	43.0316
9.36735	0.901494	42.5832
9.59184	0.901494	42.1346
9.81633	0.901494	41.6858
10.0408	0.901494	41.2369
10.2653	0.901494	40.788
10.4898	0.901494	40.3389
10.7143	0.901494	39.8898
10.9388	0.901494	39.4405
11.1633	0.901494	38.991
11.3878	0.901494	38.5412
11.6122	0.901494	38.0907
11.8367	0.901494	37.6392
12.0612	0.901494	37.1861
12.2857	0.901494	36.7301
12.5102	0.901494	36.2693
12.7347	0.901494	35.8007
12.9592	0.901494	35.3186
13.1837	0.901494	34.8143
13.4082	0.901494	34.2724
13.6327	0.901494	33.6676
13.8571	0.901494	32.9574
14.0816	0.901494	32.0703
14.3061	0.901494	30.8868
14.5306	0.901494	29.2061
14.7551	0.901494	26.6918
14.9796	0.901494	22.7796
15.2041	0.901494	16.5233
15.4286	0.901494	6.33644
15.6531	0.901494	-10.4413
15.8776	0.901494	-38.271
16.102	0.901494	-84.6327
16.3265	0.901494	-162.07
16.551	0.901494	0
16.7755	0.901494	0
17	0.901494	0
6	0.936167	47.2861
6.22449	0.936167	47.7136
6.44898	0.936167	47.7873
6.67347	0.936167	47.6501
6.89796	0.936167	47.387
7.12245	0.936167	47.0489
7.34694	0.936167	46.666
7.57143	0.936167	46.2564
7.79592	0.936167	45.831
8.02041	0.936167	45.396
8.2449	0.936167	44.9554
8.46939	0.936167	44.5114
8.69388	0.936167	44.0654
8.91837	0.936167	43.6182
9.14286	0.936167	43.1703
9.36735	0.936167	42.7219
9.59184	0.936167	42.2733
9.81633	0.936167	41.8245
10.0408	0.936167	41.3756
10.2653	0.936167	40.9267
10.4898	0.936167	40.4776
10.7143	0.936167	40.0285
10.9388	0.936167	39.5792
11.1633	0.936167	39.1297
11.3878	0.936167	38.6798
11.6122	0.936167	38.2294
11.8367	0.936167	37.7779
12.0612	0.936167	37.3248
12.2857	0.936167	36.8688
12.5102	0.936167	36.408
12.7347	0.936167	35.9394
12.9592	0.936167	35.4573
13.1837	0.936167	34.9529
13.4082	0.936167	34.4111
13.6327	0.936167	33.8063
13.8571	0.936167	33.0961
14.0816	0.936167	32.209
14.3061	0.936167	31.0255
14.5306	0.936167	29.3448
14.7551	0.936167	26.8305
14.9796	0.936167	22.9183
15.2041	0.936167	16.662
15.4286	0.936167	6.47513
15.6531	0.936167	-10.3026
15.8776	0.936167	-38.1323
16.102	0.936167	-84.494
16.3265	0.936167	-161.931
16.551	0.936167	0
16.7755	0.936167	0
17	0.936167	0
6	0.97084	47.4248
6.22449	0.97084	47.8523
6.44898	0.97084	47.926
6.67347	0.97084	47.7888
6.89796	0.97084	47.5257
7.12245	0.97084	47.1876
7.34694	0.97084	46.8047
7.57143	0.97084	46.3951
7.79592	0.97084	45.9697
8.02041	0.97084	45.5347
8.2449	0.97084	45.0941
8.46939	0.97084	44.6501
8.69388	0.97084	44.2041
8.91837	0.97084	43.7569
9.14286	0.97084	43.309
9.36735	0.97084	42.8606
9.59184	0.97084	42.412
9.81633	0.97084	41.9632
10.0408	0.97084	41.5143
10.2653	0.97084	41.0654
10.4898	0.97084	40.6163
10.7143	0.97084	40.1672
10.9388	0.97084	39.7179
11.1633	0.97084	39.2684
11.3878	0.97084	38.8185
11.6122	0.97084	38.3681
11.8367	0.97084	37.9166
12.0612	0.97084	37.4634
12.2857	0.97084	37.0075
12.5102	0.97084	36.5467
12.7347	0.97084	36.078
12.9592	0.97084	35.596
13.1837	0.97084	35.0916
13.4082	0.97084	34.5497
13.6327	0.97084	33.945
13.8571	0.97084	33.2348
14.0816	0.97084	32.3477
14.3061	0.97084	31.1642
14.5306	0.97084	29.4835
14.7551	0.97084	26.9692
14.9796	0.97084	23.057
15.2041	0.97084	16.8007
15.4286	0.97084	6.61382
15.6531	0.97084	-10.1639
15.8776	0.97084	-37.9936
16.102	0.97084	-84.3553
16.3265	0.97084	-161.792
16.551	0.97084	0
16.7755	0.97084	0
17	0.97084	0
6	1.00551	47.5635
6.22449	1.00551	47.991
6.44898	1.00551	48.0647
6.67347	1.00551	47.9274
6.89796	1.00551	47.6644
7.12245	1.00551	47.3262
7.34694	1.00551	46.9434
7.57143	1.00551	46.5338
7.79592	1.00551	46.1084
8.02041	1.00551	45.6734
8.2449	1.00551	45.2328
8.46939	1.00551	44.7888
8.69388	1.00551	44.3428
8.91837	1.00551	43.8956
9.14286	1.00551	43.4477
9.36735	1.00551	42.9993
9.59184	1.00551	42.5507
9.81633	1.00551	42.1019
10.0408	1.00551	41.653
10.2653	1.00551	41.204
10.4898	1.00551	40.755
10.7143	1.00551	40.3059
10.9388	1.00551	39.8566
11.1633	1.00551	39.4071
11.3878	1.00551	38.9572
11.6122	1.00551	38.5068
11.8367	1.00551	38.0553
12.0612	1.00551	37.6021
12.2857	1.00551	37.1461
12.5102	1.00551	36.6854
12.7347	1.00551	36.2167
12.9592	1.00551	35.7347
13.1837	1.00551	35.2303
13.4082	1.00551	34.6884
13.6327	1.00551	34.0837
13.8571	1.00551	33.3734
14.0816	1.00551	32.4864
14.3061	1.00551	31.3029
14.5306	1.00551	29.6222
14.7551	1.00551	27.1079
14.9796	1.00551	23.1956
15.2041	1.00551	16.9394
15.4286	1.00551	6.75251
15.6531	1.00551	-10.0253
15.8776	1.00551	-37.8549
16.102	1.00551	-84.2166
16.3265	1.00551	-161.654
16.551	1.00551	0
16.7755	1.00551	0
17	1.00551	0
6	1.04019	47.7022
6.22449	1.04019	48.1297
6.44898	1.04019	48.2034
6.67347	1.04019	48.0661
6.89796	1.04019	47.8031
7.12245	1.04019	47.4649
7.34694	1.04019	47.0821
7.57143	1.04019	46.6725
7.79592	1.04019	46.2471
8.02041	1.04019	45.8121
8.2449	1.04019	45.3715
8.46939	1.04019	44.9275
8.69388	1.04019	44.4815
8.91837	1.04019	44.0343
9.14286	1.04019	43.5863
9.36735	1.04019	43.138
9.59184	1.04019	42.6894
9.81633	1.04019	42.2406
10.0408	1.04019	41.7917
10.2653	1.04019	41.3427
10.4898	1.04019	40.8937
10.7143	1.04019	40.4446
10.9388	1.04019	39.9953
11.1633	1.04019	39.5458
11.3878	1.04019	39.0959
11.6122	1.04019	38.6455
11.8367	1.04019	38.194
12.0612	1.04019	37.7408
12.2857	1.04019	37.2848
12.5102	1.04019	36.8241
12.7347	1.04019	36.3554
12.9592	1.04019	35.8734
13.1837	1.04019	35.369
13.4082	1.04019	34.8271
13.6327	1.04019	34.2224
13.8571	1.04019	33.5121
14.0816	1.04019	32.6251
14.3061	1.04019	31.4416
14.5306	1.04019	29.7609
14.7551	1.04019	27.2466
14.9796	1.04019	23.3343
15.2041	1.04019	17.0781
15.4286	1.04019	6.8912
15.6531	1.04019	-9.88657
15.8776	1.04019	-37.7162
16.102	1.04019	-84.078
16.3265	1.04019	-161.515
16.551	1.04019	0
16.7755	1.04019	0
17	1.04019	0
6	1.07486	47.8409
6.22449	1.07486	48.2684
6.44898	1.07486	48.3421
6.67347	1.07486	48.2048
6.89796	1.07486	47.9417
7.12245	1.07486	47.6036
7.34694	1.07486	47.2208
7.57143	1.07486	46.8112
7.79592	1.07486	46.3857
8.02041	1.07486	45.9508
8.2449	1.07486	45.5102
8.46939	1.07486	45.0662
8.69388	1.07486	44.6202
8.91837	1.07486	44.173
9.14286	1.07486	43.725
9.36735	1.07486	43.2767
9.59184	1.07486	42.8281
9.81633	1.07486	42.3793
10.0408	1.07486	41.9304
10.2653	1.07486	41.4814
10.4898	1.07486	41.0324
10.7143	1.07486	40.5832
10.9388	1.07486	40.134
11.1633	1.07486	39.6845
11.3878	1.07486	39.2346
11.6122	1.07486	38.7841
11.8367	1.07486	38.3327
12.0612	1.07486	37.8795
12.2857	1.07486	37.4235
12.5102	1.07486	36.9628
12.7347	1.07486	36.4941
12.9592	1.07486	36.0121
13.1837	1.07486	35.5077
13.4082	1.07486	34.9658
13.6327	1.07486	34.361
13.8571	1.07486	33.6508
14.0816	1.07486	32.7638
14.3061	1.07486	31.5803
14.5306	1.07486	29.8996
14.7551	1.07486	27.3853
14.9796	1.07486	23.473
15.2041	1.07486	17.2167
15.4286	1.07486	7.02989
15.6531	1.07486	-9.74788
15.8776	1.07486	-37.5775
16.102	1.07486	-83.9393
16.3265	1.07486	-161.376
16.551	1.07486	0
16.7755	1.07486	0
17	1.07486	0
6	1.10953	47.9795
6.22449	1.10953	48.4071
6.44898	1.10953	48.4808
6.67347	1.10953	48.3435
6.89796	1.10953	48.0804
7.12245	1.10953	47.7423
7.34694	1.10953	47.3595
7.57143	1.10953	46.9499
7.79592	1.10953	46.5244
8.02041	1.10953	46.0895
8.2449	1.10953	45.6489
8.46939	1.10953	45.2049
8.69388	1.10953	44.7589
8.91837	1.10953	44.3117
9.14286	1.10953	43.8637
9.36735	1.10953	43.4154
9.59184	1.10953	42.9668
9.81633	1.10953	42.518
10.0408	1.10953	42.0691
10.2653	1.10953	41.6201
10.4898	1.10953	41.1711
10.7143	1.10953	40.7219
10.9388	1.10953	40.2727
11.1633	1.10953	39.8232
11.3878	1.10953	39.3733
11.6122	1.10953	38.9228
11.8367	1.10953	38.4714
12.0612	1.10953	38.0182
12.2857	1.10953	37.5622
12.5102	1.10953	37.1015
12.7347	1.10953	36.6328
12.9592	1.10953	36.1508
13.1837	1.10953	35.6464
13.4082	1.10953	35.1045
13.6327	1.10953	34.4997
13.8571	1.10953	33.7895
14.0816	1.10953	32.9025
14.3061	1.10953	31.719
14.5306	1.10953	30.0383
14.7551	1.10953	27.524
14.9796	1.10953	23.6117
15.2041	1.10953	17.3554
15.4286	1.10953	7.16859
15.6531	1.10953	-9.60918
15.8776	1.10953	-37.4388
16.102	1.10953	-83.8006
16.3265	1.10953	-161.238
16.551	1.10953	0
16.7755	1.10953	0
17	1.10953	0
6	1.1442	48.1182
6.22449	1.1442	48.5457
6.44898	1.1442	48.6195
6.67347	1.1442	48.4822
6.89796	1.1442	48.2191
7.12245	1.1442	47.881
7.34694	1.1442	47.4981
7.57143	1.1442	47.0886
7.79592	1.1442	46.6631
8.02041	1.1442	46.2282
8.2449	1.1442	45.7876
8.46939	1.1442	45.3436
8.69388	1.1442	44.8976
8.91837	1.1442	44.4503
9.14286	1.1442	44.0024
9.36735	1.1442	43.5541
9.59184	1.1442	43.1054
9.81633	1.1442	42.6567
10.0408	1.1442	42.2078
10.2653	1.1442	41.7588
10.4898	1.1442	41.3098
10.7143	1.1442	40.8606
10.9388	1.1442	40.4114
11.1633	1.1442	39.9619
11.3878	1.1442	39.512
11.6122	1.1442	39.0615
11.8367	1.1442	38.6101
12.0612	1.1442	38.1569
12.2857	1.1442	37.7009
12.5102	1.1442	37.2402
12.7347	1.1442	36.7715
12.9592	1.1442	36.2895
13.1837	1.1442	35.7851
13.4082	1.1442	35.2432
13.6327	1.1442	34.6384
13.8571	1.1442	33.9282
14.0816	1.1442	33.0412
14.3061	1.1442	31.8577
14.5306	1.1442	30.177
14.7551	1.1442	27.6626
14.9796	1.1442	23.7504
15.2041	1.1442	17.4941
15.4286	1.1442	7.30728
15.6531	1.1442	-9.47049
15.8776	1.1442	-37.3001
16.102	1.1442	-83.6619
16.3265	1.1442	-161.099
16.551	1.1442	0
16.7755	1.1442	0
17	1.1442	0
6	1.17888	48.2569
6.22449	1.17888	48.6844
6.44898	1.17888	48.7582
6.67347	1.17888	48.6209
6.89796	1.17888	48.3578
7.12245	1.17888	48.0197
7.34694	1.17888	47.6368
7.57143	1.17888	47.2273
7.79592	1.17888	46.8018
8.02041	1.17888	46.3669
8.2449	1.17888	45.9262
8.46939	1.17888	45.4823
8.69388	1.17888	45.0362
8.91837	1.17888	44.589
9.14286	1.17888	44.1411
9.36735	1.17888	43.6928
9.59184	1.17888	43.2441
9.81633	1.17888	42.7954
10.0408	1.17888	42.3465
10.2653	1.17888	41.8975
10.4898	1.17888	41.4485
10.7143	1.17888	40.9993
10.9388	1.17888	40.55
11.1633	1.17888	40.1005
11.3878	1.17888	39.6507
11.6122	1.17888	39.2002
11.8367	1.17888	38.7488
12.0612	1.17888	38.2956
12.2857	1.17888	37.8396
12.5102	1.17888	37.3789
12.7347	1.17888	36.9102
12.9592	1.17888	36.4282
13.1837	1.17888	35.9238
13.4082	1.17888	35.3819
13.6327	1.17888	34.7771
13.8571	1.17888	34.0669
14.0816	1.17888	33.1799
14.3061	1.17888	31.9964
14.5306	1.17888	30.3157
14.7551	1.17888	27.8013
14.9796	1.17888	23.8891
15.2041	1.17888	17.6328
15.4286	1.17888	7.44597
15.6531	1.17888	-9.3318
15.8776	1.17888	-37.1614
16.102	1.17888	-83.5232
16.3265	1.17888	-160.96
16.551	1.17888	0
16.7755	1.17888	0
17	1.17888	0
6	1.21355	48.3956
6.22449	1.21355	48.8231
6.44898	1.21355	48.8969
6.67347	1.21355	48.7596
6.89796	1.21355	48.4965
7.12245	1.21355	48.1584
7.34694	1.21355	47.7755
7.57143	1.21355	47.366
7.79592	1.21355	46.9405
8.02041	1.21355	46.5056
8.2449	1.21355	46.0649
8.46939	1.21355	45.6209
8.69388	1.21355	45.1749
8.91837	1.21355	44.7277
9.14286	1.21355	44.2798
9.36735	1.21355	43.8314
9.59184	1.21355	43.3828
9.81633	1.21355	42.934
10.0408	1.21355	42.4852
10.2653	1.21355	42.0362
10.4898	1.21355	41.5872
10.7143	1.21355	41.138
10.9388	1.21355	40.6887
11.1633	1.21355	40.2392
11.3878	1.21355	39.7894
11.6122	1.21355	39.3389
11.8367	1.21355	38.8874
12.0612	1.21355	38.4343
12.2857	1.21355	37.9783
12.5102	1.21355	37.5176
12.7347	1.21355	37.0489
12.9592	1.21355	36.5669
13.1837	1.21355	36.0625
13.4082	1.21355	35.5206
13.6327	1.21355	34.9158
13.8571	1.21355	34.2056
14.0816	1.21355	33.3186
14.3061	1.21355	32.135
14.5306	1.21355	30.4544
14.7551	1.21355	27.94
14.9796	1.21355	24.0278
15.2041	1.21355	17.7715
15.4286	1.21355	7.58466
15.6531	1.21355	-9.19311
15.8776	1.21355	-37.0227
16.102	1.21355	-83.3845
16.3265	1.21355	-160.822
16.551	1.21355	0
16.7755	1.21355	0
17	1.21355	0
6	1.24822	48.5343
6.22449	1.24822	48.9618
6.44898	1.24822	49.0355
6.67347	1.24822	48.8983
6.89796	1.24822	48.6352
7.12245	1.24822	48.2971
7.34694	1.24822	47.9142
7.57143	1.24822	47.5047
7.79592	1.24822	47.0792
8.02041	1.24822	46.6442
8.2449	1.24822	46.2036
8.46939	1.24822	45.7596
8.69388	1.24822	45.3136
8.91837	1.24822	44.8664
9.14286	1.24822	44.4185
9.36735	1.24822	43.9701
9.59184	1.24822	43.5215
9.81633	1.24822	43.0727
10.0408	1.24822	42.6239
10.2653	1.24822	42.1749
10.4898	1.24822	41.7258
10.7143	1.24822	41.2767
10.9388	1.24822	40.8274
11.1633	1.24822	40.3779
11.3878	1.24822	39.9281
11.6122	1.24822	39.4776
11.8367	1.24822	39.0261
12.0612	1.24822	38.573
12.2857	1.24822	38.117
12.5102	1.24822	37.6563
12.7347	1.24822	37.1876
12.9592	1.24822	36.7056
13.1837	1.24822	36.2012
13.4082	1.24822	35.6593
13.6327	1.24822	35.0545
13.8571	1.24822	34.3443
14.0816	1.24822	33.4573
14.3061	1.24822	32.2737
14.5306	1.24822	30.5931
14.7551	1.24822	28.0787
14.9796	1.24822	24.1665
15.2041	1.24822	17.9102
15.4286	1.24822	7.72335
15.6531	1.24822	-9.05442
15.8776	1.24822	-36.884
16.102	1.24822	-83.2458
16.3265	1.24822	-160.683
16.551	1.24822	0
16.7755	1.24822	0
17	1.24822	0
6	1.2829	48.673
6.22449	1.2829	49.1005
6.44898	1.2829	49.1742
6.67347	1.2829	49.037
6.89796	1.2829	48.7739
7.12245	1.2829	48.4358
7.34694	1.2829	48.0529
7.57143	1.2829	47.6434
7.79592	1.2829	47.2179
8.02041	1.2829	46.7829
8.2449	1.2829	46.3423
8.46939	1.2829	45.8983
8.69388	1.2829	45.4523
8.91837	1.2829	45.0051
9.14286	1.2829	44.5572
9.36735	1.2829	44.1088
9.59184	1.2829	43.6602
9.81633	1.2829	43.2114
10.0408	1.2829	42.7625
10.2653	1.2829	42.3136
10.4898	1.2829	41.8645
10.7143	1.2829	41.4154
10.9388	1.2829	40.9661
11.1633	1.2829	40.5166
11.3878	1.2829	40.0668
11.6122	1.2829	39.6163
11.8367	1.2829	39.1648
12.0612	1.2829	38.7117
12.2857	1.2829	38.2557
12.5102	1.2829	37.795
12.7347	1.2829	37.3263
12.9592	1.2829	36.8442
13.1837	1.2829	36.3399
13.4082	1.2829	35.798
13.6327	1.2829	35.1932
13.8571	1.2829	34.483
14.0816	1.2829	33.5959
14.3061	1.2829	32.4124
14.5306	1.2829	30.7317
14.7551	1.2829	28.2174
14.9796	1.2829	24.3052
15.2041	1.2829	18.0489
15.4286	1.2829	7.86204
15.6531	1.2829	-8.91573
15.8776	1.2829	-36.7454
16.102	1.2829	-83.1071
16.3265	1.2829	-160.544
16.551	1.2829	0
16.7755	1.2829	0
17	1.2829	0
6	1.31757	48.8117
6.22449	1.31757	49.2392
6.44898	1.31757	49.3129
6.67347	1.31757	49.1757
6.89796	1.31757	48.9126
7.12245	1.31757	48.5745
7.34694	1.31757	48.1916
7.57143	1.31757	47.7821
7.79592	1.31757	47.3566
8.02041	1.31757	46.9216
8.2449	1.31757	46.481
8.46939	1.31757	46.037
8.69388	1.31757	45.591
8.91837	1.31757	45.1438
9.14286	1.31757	44.6959
9.36735	1.31757	44.2475
9.59184	1.31757	43.7989
9.81633	1.31757	43.3501
10.0408	1.31757	42.9012
10.2653	1.31757	42.4523
10.4898	1.31757	42.0032
10.7143	1.31757	41.5541
10.9388	1.31757	41.1048
11.1633	1.31757	40.6553
11.3878	1.31757	40.2054
11.6122	1.31757	39.755
11.8367	1.31757	39.3035
12.0612	1.31757	38.8504
12.2857	1.31757	38.3944
12.5102	1.31757	37.9336
12.7347	1.31757	37.465
12.9592	1.31757	36.9829
13.1837	1.31757	36.4785
13.4082	1.31757	35.9367
13.6327	1.31757	35.3319
13.8571	1.31757	34.6217
14.0816	1.31757	33.7346
14.3061	1.31757	32.5511
14.5306	1.31757	30.8704
14.7551	1.31757	28.3561
14.9796	1.31757	24.4439
15.2041	1.31757	18.1876
15.4286	1.31757	8.00073
15.6531	1.31757	-8.77704
15.8776	1.31757	-36.6067
16.102	1.31757	-82.9684
16.3265	1.31757	-160.405
16.551	1.31757	0
16.7755	1.31757	0
17	1.31757	0
6	1.35224	48.9504
6.22449	1.35224	49.3779
6.44898	1.35224	49.4516
6.67347	1.35224	49.3144
6.89796	1.35224	49.0513
7.12245	1.35224	48.7132
7.34694	1.35224	48.3303
7.57143	1.35224	47.9207
7.79592	1.35224	47.4953
8.02041	1.35224	47.0603
8.2449	1.35224	46.6197
8.46939	1.35224	46.1757
8.69388	1.35224	45.7297
8.91837	1.35224	45.2825
9.14286	1.35224	44.8346
9.36735	1.35224	44.3862
9.59184	1.35224	43.9376
9.81633	1.35224	43.4888
10.0408	1.35224	43.0399
10.2653	1.35224	42.591
10.4898	1.35224	42.1419
10.7143	1.35224	41.6928
10.9388	1.35224	41.2435
11.1633	1.35224	40.794
11.3878	1.35224	40.3441
11.6122	1.35224	39.8937
11.8367	1.35224	39.4422
12.0612	1.35224	38.9891
12.2857	1.35224	38.5331
12.5102	1.35224	38.0723
12.7347	1.35224	37.6036
12.9592	1.35224	37.1216
13.1837	1.35224	36.6172
13.4082	1.35224	36.0754
13.6327	1.35224	35.4706
13.8571	1.35224	34.7604
14.0816	1.35224	33.8733
14.3061	1.35224	32.6898
14.5306	1.35224	31.0091
14.7551	1.35224	28.4948
14.9796	1.35224	24.5826
15.2041	1.35224	18.3263
15.4286	1.35224	8.13943
15.6531	1.35224	-8.63834
15.8776	1.35224	-36.468
16.102	1.35224	-82.8297
16.3265	1.35224	-160.267
16.551	1.35224	0
16.7755	1.35224	0
17	1.35224	0
6	1.38691	49.0891
6.22449	1.38691	49.5166
6.44898	1.38691	49.5903
6.67347	1.38691	49.4531
6.89796	1.38691	49.19
7.12245	1.38691	48.8519
7.34694	1.38691	48.469
7.57143	1.38691	48.0594
7.79592	1.38691	47.634
8.02041	1.38691	47.199
8.2449	1.38691	46.7584
8.46939	1.38691	46.3144
8.69388	1.38691	45.8684
8.91837	1.38691	45.4212
9.14286	1.38691	44.9733
9.36735	1.38691	44.5249
9.59184	1.38691	44.0763
9.81633	1.38691	43.6275
10.0408	1.38691	43.1786
10.2653	1.38691	42.7297
10.4898	1.38691	42.2806
10.7143	1.38691	41.8315
10.9388	1.38691	41.3822
11.1633	1.38691	40.9327
11.3878	1.38691	40.4828
11.6122	1.38691	40.0324
11.8367	1.38691	39.5809
12.0612	1.38691	39.1277
12.2857	1.38691	38.6718
12.5102	1.38691	38.211
12.7347	1.38691	37.7423
12.9592	1.38691	37.2603
13.1837	1.38691	36.7559
13.4082	1.38691	36.214
13.6327	1.38691	35.6093
13.8571	1.38691	34.8991
14.0816	1.38691	34.012
14.3061	1.38691	32.8285
14.5306	1.38691	31.1478
14.7551	1.38691	28.6335
14.9796	1.38691	24.7213
15.2041	1.38691	18.465
15.4286	1.38691	8.27812
15.6531	1.38691	-8.49965
15.8776	1.38691	-36.3293
16.102	1.38691	-82.691
16.3265	1.38691	-160.128
16.551	1.38691	0
16.7755	1.38691	0
17	1.38691	0
6	1.42159	49.2278
6.22449	1.42159	49.6553
6.44898	1.42159	49.729
6.67347	1.42159	49.5917
6.89796	1.42159	49.3287
7.12245	1.42159	48.9905
7.34694	1.42159	48.6077
7.57143	1.42159	48.1981
7.79592	1.42159	47.7727
8.02041	1.42159	47.3377
8.2449	1.42159	46.8971
8.46939	1.42159	46.4531
8.69388	1.42159	46.0071
8.91837	1.42159	45.5599
9.14286	1.42159	45.1119
9.36735	1.42159	44.6636
9.59184	1.42159	44.215
9.81633	1.42159	43.7662
10.0408	1.42159	43.3173
10.2653	1.42159	42.8683
10.4898	1.42159	42.4193
10.7143	1.42159	41.9702
10.9388	1.42159	41.5209
11.1633	1.42159	41.0714
11.3878	1.42159	40.6215
11.6122	1.42159	40.1711
11.8367	1.42159	39.7196
12.0612	1.42159	39.2664
12.2857	1.42159	38.8104
12.5102	1.42159	38.3497
12.7347	1.42159	37.881
12.9592	1.42159	37.399
13.1837	1.42159	36.8946
13.4082	1.42159	36.3527
13.6327	1.42159	35.748
13.8571	1.42159	35.0377
14.0816	1.42159	34.1507
14.3061	1.42159	32.9672
14.5306	1.42159	31.2865
14.7551	1.42159	28.7722
14.9796	1.42159	24.8599
15.2041	1.42159	18.6037
15.4286	1.42159	8.41681
15.6531	1.42159	-8.36096
15.8776	1.42159	-36.1906
16.102	1.42159	-82.5524
16.3265	1.42159	-159.989
16.551	1.42159	0
16.7755	1.42159	0
17	1.42159	0
6	1.45626	49.3665
6.22449	1.45626	49.794
6.44898	1.45626	49.8677
6.67347	1.45626	49.7304
6.89796	1.45626	49.4674
7.12245	1.45626	49.1292
7.34694	1.45626	48.7464
7.57143	1.45626	48.3368
7.79592	1.45626	47.9114
8.02041	1.45626	47.4764
8.2449	1.45626	47.0358
8.46939	1.45626	46.5918
8.69388	1.45626	46.1458
8.91837	1.45626	45.6986
9.14286	1.45626	45.2506
9.36735	1.45626	44.8023
9.59184	1.45626	44.3537
9.81633	1.45626	43.9049
10.0408	1.45626	43.456
10.2653	1.45626	43.007
10.4898	1.45626	42.558
10.7143	1.45626	42.1089
10.9388	1.45626	41.6596
11.1633	1.45626	41.2101
11.3878	1.45626	40.7602
11.6122	1.45626	40.3098
11.8367	1.45626	39.8583
12.0612	1.45626	39.4051
12.2857	1.45626	38.9491
12.5102	1.45626	38.4884
12.7347	1.45626	38.0197
12.9592	1.45626	37.5377
13.1837	1.45626	37.0333
13.4082	1.45626	36.4914
13.6327	1.45626	35.8867
13.8571	1.45626	35.1764
14.0816	1.45626	34.2894
14.3061	1.45626	33.1059
14.5306	1.45626	31.4252
14.7551	1.45626	28.9109
14.9796	1.45626	24.9986
15.2041	1.45626	18.7424
15.4286	1.45626	8.5555
15.6531	1.45626	-8.22227
15.8776	1.45626	-36.0519
16.102	1.45626	-82.4137
16.3265	1.45626	-159.851
16.551	1.45626	0
16.7755	1.45626	0
17	1.45626	0
6	1.49093	49.5051
6.22449	1.49093	49.9327
6.44898	1.49093	50.0064
6.67347	1.49093	49.8691
6.89796	1.49093	49.606
7.12245	1.49093	49.2679
7.34694	1.49093	48.8851
7.57143	1.49093	48.4755
7.79592	1.49093	48.05
8.02041	1.49093	47.6151
8.2449	1.49093	47.1745
8.46939	1.49093	46.7305
8.69388	1.49093	46.2845
8.91837	1.49093	45.8373
9.14286	1.49093	45.3893
9.36735	1.49093	44.941
9.59184	1.49093	44.4924
9.81633	1.49093	44.0436
10.0408	1.49093	43.5947
10.2653	1.49093	43.1457
10.4898	1.49093	42.6967
10.7143	1.49093	42.2475
10.9388	1.49093	41.7983
11.1633	1.49093	41.3488
11.3878	1.49093	40.8989
11.6122	1.49093	40.4484
11.8367	1.49093	39.997
12.0612	1.49093	39.5438
12.2857	1.49093	39.0878
12.5102	1.49093	38.6271
12.7347	1.49093	38.1584
12.9592	1.49093	37.6764
13.1837	1.49093	37.172
13.4082	1.49093	36.6301
13.6327	1.49093	36.0253
13.8571	1.49093	35.3151
14.0816	1.49093	34.4281
14.3061	1.49093	33.2446
14.5306	1.49093	31.5639
14.7551	1.49093	29.0496
14.9796	1.49093	25.1373
15.2041	1.49093	18.881
15.4286	1.49093	8.69419
15.6531	1.49093	-8.08358
15.8776	1.49093	-35.9132
16.102	1.49093	-82.275
16.3265	1.49093	-159.712
16.551	1.49093	0
16.7755	1.49093	0
17	1.49093	0
6	1.52561	49.6438
6.22449	1.52561	50.0713
6.44898	1.52561	50.1451
6.67347	1.52561	50.0078
6.89796	1.52561	49.7447
7.12245	1.52561	49.4066
7.34694	1.52561	49.0238
7.57143	1.52561	48.6142
7.79592	1.52561	48.1887
8.02041	1.52561	47.7538
8.2449	1.52561	47.3132
8.46939	1.52561	46.8692
8.69388	1.52561	46.4232
8.91837	1.52561	45.976
9.14286	1.52561	45.528
9.36735	1.52561	45.0797
9.59184	1.52561	44.631
9.81633	1.52561	44.1823
10.0408	1.52561	43.7334
10.2653	1.52561	43.2844
10.4898	1.52561	42.8354
10.7143	1.52561	42.3862
10.9388	1.52561	41.937
11.1633	1.52561	41.4875
11.3878	1.52561	41.0376
11.6122	1.52561	40.5871
11.8367	1.52561	40.1357
12.0612	1.52561	39.6825
12.2857	1.52561	39.2265
12.5102	1.52561	38.7658
12.7347	1.52561	38.2971
12.9592	1.52561	37.8151
13.1837	1.52561	37.3107
13.4082	1.52561	36.7688
13.6327	1.52561	36.164
13.8571	1.52561	35.4538
14.0816	1.52561	34.5668
14.3061	1.52561	33.3833
14.5306	1.52561	31.7026
14.7551	1.52561	29.1883
14.9796	1.52561	25.276
15.2041	1.52561	19.0197
15.4286	1.52561	8.83288
15.6531	1.52561	-7.94489
15.8776	1.52561	-35.7745
16.102	1.52561	-82.1363
16.3265	1.52561	-159.573
16.551	1.52561	0
16.7755	1.52561	0
17	1.52561	0
6	1.56028	49.7825
6.22449	1.56028	50.21
6.44898	1.56028	50.2838
6.67347	1.56028	50.1465
6.89796	1.56028	49.8834
7.12245	1.56028	49.5453
7.34694	1.56028	49.1624
7.57143	1.56028	48.7529
7.79592	1.56028	48.3274
8.02041	1.56028	47.8925
8.2449	1.56028	47.4519
8.46939	1.56028	47.0079
8.69388	1.56028	46.5619
8.91837	1.56028	46.1146
9.14286	1.56028	45.6667
9.36735	1.56028	45.2184
9.59184	1.56028	44.7697
9.81633	1.56028	44.321
10.0408	1.56028	43.8721
10.2653	1.56028	43.4231
10.4898	1.56028	42.9741
10.7143	1.56028	42.5249
10.9388	1.56028	42.0756
11.1633	1.56028	41.6261
11.3878	1.56028	41.1763
11.6122	1.56028	40.7258
11.8367	1.56028	40.2744
12.0612	1.56028	39.8212
12.2857	1.56028	39.3652
12.5102	1.56028	38.9045
12.7347	1.56028	38.4358
12.9592	1.56028	37.9538
13.1837	1.56028	37.4494
13.4082	1.56028	36.9075
13.6327	1.56028	36.3027
13.8571	1.56028	35.5925
14.0816	1.56028	34.7055
14.3061	1.56028	33.522
14.5306	1.56028	31.8413
14.7551	1.56028	29.3269
14.9796	1.56028	25.4147
15.2041	1.56028	19.1584
15.4286	1.56028	8.97157
15.6531	1.56028	-7.8062
15.8776	1.56028	-35.6358
16.102	1.56028	-81.9976
16.3265	1.56028	-159.435
16.551	1.56028	0
16.7755	1.56028	0
17	1.56028	0
6	1.59495	49.9212
6.22449	1.59495	50.3487
6.44898	1.59495	50.4225
6.67347	1.59495	50.2852
6.89796	1.59495	50.0221
7.12245	1.59495	49.684
7.34694	1.59495	49.3011
7.57143	1.59495	48.8916
7.79592	1.59495	48.4661
8.02041	1.59495	48.0312
8.2449	1.59495	47.5905
8.46939	1.59495	47.1465
8.69388	1.59495	46.7005
8.91837	1.59495	46.2533
9.14286	1.59495	45.8054
9.36735	1.59495	45.357
9.59184	1.59495	44.9084
9.81633	1.59495	44.4597
10.0408	1.59495	44.0108
10.2653	1.59495	43.5618
10.4898	1.59495	43.1128
10.7143	1.59495	42.6636
10.9388	1.59495	42.2143
11.1633	1.59495	41.7648
11.3878	1.59495	41.315
11.6122	1.59495	40.8645
11.8367	1.59495	40.413
12.0612	1.59495	39.9599
12.2857	1.59495	39.5039
12.5102	1.59495	39.0432
12.7347	1.59495	38.5745
12.9592	1.59495	38.0925
13.1837	1.59495	37.5881
13.4082	1.59495	37.0462
13.6327	1.59495	36.4414
13.8571	1.59495	35.7312
14.0816	1.59495	34.8442
14.3061	1.59495	33.6607
14.5306	1.59495	31.98
14.7551	1.59495	29.4656
14.9796	1.59495	25.5534
15.2041	1.59495	19.2971
15.4286	1.59495	9.11027
15.6531	1.59495	-7.6675
15.8776	1.59495	-35.4971
16.102	1.59495	-81.8589
16.3265	1.59495	-159.296
16.551	1.59495	0
16.7755	1.59495	0
17	1.59495	0
6	1.62962	50.0599
6.22449	1.62962	50.4874
6.44898	1.62962	50.5611
6.67347	1.62962	50.4239
6.89796	1.62962	50.1608
7.12245	1.62962	49.8227
7.34694	1.62962	49.4398
7.57143	1.62962	49.0303
7.79592	1.62962	48.6048
8.02041	1.62962	48.1699
8.2449	1.62962	47.7292
8.46939	1.62962	47.2852
8.69388	1.62962	46.8392
8.91837	1.62962	46.392
9.14286	1.62962	45.9441
9.36735	1.62962	45.4957
9.59184	1.62962	45.0471
9.81633	1.62962	44.5983
10.0408	1.62962	44.1495
10.2653	1.62962	43.7005
10.4898	1.62962	43.2514
10.7143	1.62962	42.8023
10.9388	1.62962	42.353
11.1633	1.62962	41.9035
11.3878	1.62962	41.4537
11.6122	1.62962	41.0032
11.8367	1.62962	40.5517
12.0612	1.62962	40.0986
12.2857	1.62962	39.6426
12.5102	1.62962	39.1819
12.7347	1.62962	38.7132
12.9592	1.62962	38.2312
13.1837	1.62962	37.7268
13.4082	1.62962	37.1849
13.6327	1.62962	36.5801
13.8571	1.62962	35.8699
14.0816	1.62962	34.9829
14.3061	1.62962	33.7993
14.5306	1.62962	32.1187
14.7551	1.62962	29.6043
14.9796	1.62962	25.6921
15.2041	1.62962	19.4358
15.4286	1.62962	9.24896
15.6531	1.62962	-7.52881
15.8776	1.62962	-35.3584
16.102	1.62962	-81.7202
16.3265	1.62962	-159.157
16.551	1.62962	0
16.7755	1.62962	0
17	1.62962	0
6	1.6643	50.1986
6.22449	1.6643	50.6261
6.44898	1.6643	50.6998
6.67347	1.6643	50.5626
6.89796	1.6643	50.2995
7.12245	1.6643	49.9614
7.34694	1.6643	49.5785
7.57143	1.6643	49.169
7.79592	1.6643	48.7435
8.02041	1.6643	48.3085
8.2449	1.6643	47.8679
8.46939	1.6643	47.4239
8.69388	1.6643	46.9779
8.91837	1.6643	46.5307
9.14286	1.6643	46.0828
9.36735	1.6643	45.6344
9.59184	1.6643	45.1858
9.81633	1.6643	44.737
10.0408	1.6643	44.2881
10.2653	1.6643	43.8392
10.4898	1.6643	43.3901
10.7143	1.6643	42.941
10.9388	1.6643	42.4917
11.1633	1.6643	42.0422
11.3878	1.6643	41.5924
11.6122	1.6643	41.1419
11.8367	1.6643	40.6904
12.0612	1.6643	40.2373
12.2857	1.6643	39.7813
12.5102	1.6643	39.3206
12.7347	1.6643	38.8519
12.9592	1.6643	38.3698
13.1837	1.6643	37.8655
13.4082	1.6643	37.3236
13.6327	1.6643	36.7188
13.8571	1.6643	36.0086
14.0816	1.6643	35.1216
14.3061	1.6643	33.938
14.5306	1.6643	32.2574
14.7551	1.6643	29.743
14.9796	1.6643	25.8308
15.2041	1.6643	19.5745
15.4286	1.6643	9.38765
15.6531	1.6643	-7.39012
15.8776	1.6643	-35.2198
16.102	1.6643	-81.5815
16.3265	1.6643	-159.019
16.551	1.6643	0
16.7755	1.6643	0
17	1.6643	0
6	1.69897	0
6.22449	1.69897	0
6.44898	1.69897	0
6.67347	1.69897	0
6.89796	1.69897	0
7.12245	1.69897	0
7.34694	1.69897	0
7.57143	1.69897	0
7.79592	1.69897	0
8.02041	1.69897	0
8.2449	1.69897	0
8.46939	1.69897	0
8.69388	1.69897	0
8.91837	1.69897	0
9.14286	1.69897	0
9.36735	1.69897	0
9.59184	1.69897	0
9.81633	1.69897	0
10.0408	1.69897	0
10.2653	1.69897	0
10.4898	1.69897	0
10.7143	1.69897	0
10.9388	1.69897	0
11.1633	1.69897	0
11.3878	1.69897	0
11.6122	1.69897	0
11.8367	1.69897	0
12.0612	1.69897	0
12.2857	1.69897	0
12.5102	1.69897	0
12.7347	1.69897	0
12.9592	1.69897	0
13.1837	1.69897	0
13.4082	1.69897	0
13.6327	1.69897	0
13.8571	1.69897	0
14.0816	1.69897	0
14.3061	1.69897	0
14.5306	1.69897	0
14.7551	1.69897	0
14.9796	1.69897	0
15.2041	1.69897	0
15.4286	1.69897	0
15.6531	1.69897	0
15.8776	1.69897	0
16.102	1.69897	0
16.3265	1.69897	0
16.551	1.69897	0
16.7755	1.69897	0
17	1.69897	0
