6	18.49	-2	30.614
6.45	18.49	-2	31.115
6.9	18.49	-2	30.7121
7.35	18.49	-2	29.9885
7.8	18.49	-2	29.1511
8.25	18.49	-2	28.2733
8.7	18.49	-2	27.3811
9.15	18.49	-2	26.4839
9.6	18.49	-2	25.5849
10.05	18.49	-2	24.6852
10.5	18.49	-2	23.7853
10.95	18.49	-2	22.8851
11.4	18.49	-2	21.9844
11.85	18.49	-2	21.0824
12.3	18.49	-2	20.1768
12.75	18.49	-2	19.2613
13.2	18.49	-2	18.3185
13.65	18.49	-2	17.3108
14.1	18.49	-2	16.2973
14.55	18.49	-2	15.9559
15	18.49	-2	15.9491
6	19.99	-2	29.114
6.45	19.99	-2	29.615
6.9	19.99	-2	29.2121
7.35	19.99	-2	28.4885
7.8	19.99	-2	27.6511
8.25	19.99	-2	26.7733
8.7	19.99	-2	25.8811
9.15	19.99	-2	24.9839
9.6	19.99	-2	24.0849
10.05	19.99	-2	23.1852
10.5	19.99	-2	22.2853
10.95	19.99	-2	21.3851
11.4	19.99	-2	20.4844
11.85	19.99	-2	19.5824
12.3	19.99	-2	18.6768
12.75	19.99	-2	17.7613
13.2	19.99	-2	16.8185
13.65	19.99	-2	15.8108
14.1	19.99	-2	14.7973
14.55	19.99	-2	14.4559
15	19.99	-2	14.4491
6	21.49	-2	27.614
6.45	21.49	-2	28.115
6.9	21.49	-2	27.7121
7.35	21.49	-2	26.9885
7.8	21.49	-2	26.1511
8.25	21.49	-2	25.2733
8.7	21.49	-2	24.3811
9.15	21.49	-2	23.4839
9.6	21.49	-2	22.5849
10.05	21.49	-2	21.6852
10.5	21.49	-2	20.7853
10.95	21.49	-2	19.8851
11.4	21.49	-2	18.9844
11.85	21.49	-2	18.0824
12.3	21.49	-2	17.1768
12.75	21.49	-2	16.2613
13.2	21.49	-2	15.3185
13.65	21.49	-2	14.3108
14.1	21.49	-2	13.2973
14.55	21.49	-2	12.9559
15	21.49	-2	12.9491
6	18.49	4.50657	37.1206
6.45	18.49	4.50657	37.6216
6.9	18.49	4.50657	37.2187
7.35	18.49	4.50657	36.4951
7.8	18.49	4.50657	35.6576
8.25	18.49	4.50657	34.7798
8.7	18.49	4.50657	33.8877
9.15	18.49	4.50657	32.9905
9.6	18.49	4.50657	32.0915
10.05	18.49	4.50657	31.1918
10.5	18.49	4.50657	30.2918
10.95	18.49	4.50657	29.3916
11.4	18.49	4.50657	28.4909
11.85	18.49	4.50657	27.589
12.3	18.49	4.50657	26.6834
12.75	18.49	4.50657	25.7676
13.2	18.49	4.50657	24.8232
13.65	18.49	4.50657	23.7981
14.1	18.49	4.50657	22.5453
14.55	18.49	4.50657	20.6511
15	18.49	4.50657	16.9491
6	19.99	4.50657	35.6206
6.45	19.99	4.50657	36.1216
6.9	19.99	4.50657	35.7187
7.35	19.99	4.50657	34.9951
7.8	19.99	4.50657	34.1576
8.25	19.99	4.50657	33.2798
8.7	19.99	4.50657	32.3877
9.15	19.99	4.50657	31.4905
9.6	19.99	4.50657	30.5915
10.05	19.99	4.50657	29.6918
10.5	19.99	4.50657	28.7918
10.95	19.99	4.50657	27.8916
11.4	19.99	4.50657	26.9909
11.85	19.99	4.50657	26.089
12.3	19.99	4.50657	25.1834
12.75	19.99	4.50657	24.2676
13.2	19.99	4.50657	23.3232
13.65	19.99	4.50657	22.2981
14.1	19.99	4.50657	21.0453
14.55	19.99	4.50657	19.1511
15	19.99	4.50657	15.4491
6	21.49	4.50657	34.1206
6.45	21.49	4.50657	34.6216
6.9	21.49	4.50657	34.2187
7.35	21.49	4.50657	33.4951
7.8	21.49	4.50657	32.6576
8.25	21.49	4.50657	31.7798
8.7	21.49	4.50657	30.8877
9.15	21.49	4.50657	29.9905
9.6	21.49	4.50657	29.0915
10.05	21.49	4.50657	28.1918
10.5	21.49	4.50657	27.2918
10.95	21.49	4.50657	26.3916
11.4	21.49	4.50657	25.4909
11.85	21.49	4.50657	24.589
12.3	21.49	4.50657	23.6834
12.75	21.49	4.50657	22.7676
13.2	21.49	4.50657	21.8232
13.65	21.49	4.50657	20.7981
14.1	21.49	4.50657	19.5453
14.55	21.49	4.50657	17.6511
15	21.49	4.50657	13.9491
6	18.49	11.0131	41.8582
6.45	18.49	11.0131	41.4006
6.9	18.49	11.0131	40.568
7.35	18.49	11.0131	39.4706
7.8	18.49	11.0131	38.248
8.25	18.49	11.0131	36.9921
8.7	18.49	11.0131	35.7501
9.15	18.49	11.0131	34.5851
9.6	18.49	11.0131	33.5545
10.05	18.49	11.0131	32.6792
10.5	18.49	11.0131	31.9392
10.95	18.49	11.0131	31.2944
11.4	18.49	11.0131	30.7035
11.85	18.49	11.0131	30.1113
12.3	18.49	11.0131	29.4658
12.75	18.49	11.0131	28.688
13.2	18.49	11.0131	27.7134
13.65	18.49	11.0131	26.3953
14.1	18.49	11.0131	17.8343
14.55	18.49	11.0131	17.3953
15	18.49	11.0131	16.9491
6	19.99	11.0131	41.9769
6.45	19.99	11.0131	41.7005
6.9	19.99	11.0131	41.0994
7.35	19.99	11.0131	40.2704
7.8	19.99	11.0131	39.3031
8.25	19.99	11.0131	38.2407
8.7	19.99	11.0131	37.1136
9.15	19.99	11.0131	36.0027
9.6	19.99	11.0131	34.9896
10.05	19.99	11.0131	34.1069
10.5	19.99	11.0131	33.3297
10.95	19.99	11.0131	32.5945
11.4	19.99	11.0131	31.8264
11.85	19.99	11.0131	30.9642
12.3	19.99	11.0131	30.01
12.75	19.99	11.0131	28.9708
13.2	19.99	11.0131	27.8346
13.65	19.99	11.0131	26.441
14.1	19.99	11.0131	16.3486
14.55	19.99	11.0131	15.899
15	19.99	11.0131	15.4491
6	21.49	11.0131	40.6271
6.45	21.49	11.0131	41.1282
6.9	21.49	11.0131	40.7252
7.35	21.49	11.0131	40.0016
7.8	21.49	11.0131	39.1642
8.25	21.49	11.0131	38.2864
8.7	21.49	11.0131	37.3943
9.15	21.49	11.0131	36.4971
9.6	21.49	11.0131	35.5981
10.05	21.49	11.0131	34.6984
10.5	21.49	11.0131	33.7984
10.95	21.49	11.0131	32.8982
11.4	21.49	11.0131	31.9975
11.85	21.49	11.0131	31.0955
12.3	21.49	11.0131	30.19
12.75	21.49	11.0131	29.2742
13.2	21.49	11.0131	28.3298
13.65	21.49	11.0131	27.3046
14.1	21.49	11.0131	26.0519
14.55	21.49	11.0131	24.1577
15	21.49	11.0131	20.4557
