 0.10000000149011612 0.8967383601540974 0.
 0.13216207508366568 0.8410784696922843 0.2815094468705613
 0.17466813830144676 0.756902978533533 0.1181706879462308
 0.23084503264934003 0.6483939280446549 0.036250691359647126
 0.30508958083074433 0.5245477171503509 0.006378057912474171
 0.4032127148816316 0.3901028193384078 0.0006363300963865598
 0.5328942830480051 0.276643937923034 0.
 0.7042841319838151 0.18542688419825235 0.
 0.930796509444844 0.1258339617219133 0.
 1.2301599633578222 0.09133655919010673 0.
 1.625804910195778 0.06802448718317576 0.
 2.14869747410878 0.05058210824302991 0.
 2.839763126736706 0.03614561687732978 0.
 3.7530898198306213 0.022674179663456664 0.
 4.960161311729796 0.011969368596216086 0.
 6.555452019395423 0.004631060056829543 0.
 8.663821290846059 0.0008616766505338166 0.
 11.450285828900027 0.00011435004458915374 0.
 15.13293512898688 0. 0.
 20.000000789510825 0. 0.
