   10.699923403717849        46.681196821602441        4.1734861946394457E+045
   10.699923403717849        46.612530051577551        2.4661509331960360E+045
   3.7785060356363731        45.123174340440876        0.0000000000000000     
   3.7140480464094545        45.740474298325580        0.0000000000000000     
   3.1154485871909987        45.693049648397441        9.5800478558769093E+043
   3.0971449763585488        45.344402225788663        0.0000000000000000     
   3.0971449763585488        45.569223062158507        3.8604747300414872E+044
   3.0971449763585488        45.344402225788663        0.0000000000000000     
  0.90717264476391613        45.659191381136473        9.4472551133201991E+043
  0.90717264476391613        45.342534289653543        7.2466896652375825E+043
  0.80746973157168955        45.671651503696211        2.1626246644949855E+044
  0.75067694177161559        45.678614289818569        2.6368844593403766E+044
  0.72772774370064697        45.779820030054616        5.2737689186807537E+043
  0.72772774370064697        45.509800683755138        3.8699599259383953E+043
  0.67783587375500987        45.698032048916382        2.2954174070516950E+044
  0.55615780985006447        45.779820030054616        2.2195358398764325E+044
  0.53934431084041445        45.763797726908201        8.0244757287840254E+043
  0.45535725530902388        45.819031109352757        2.4282101496084048E+044
  0.42399606292021547        45.859570842717524        6.0041290027426576E+044
  0.40742319743463973        45.806350077593663        1.5366017352990685E+044
  0.36377223233897682        45.882842185130507        0.0000000000000000     
  0.35671037785149001        45.788621310633232        3.3957001310930033E+044
  0.30466699461603242        45.856715510394693        8.6030726784954020E+044
  0.29565641244151197        45.805061368986614        9.9594556917532216E+043
  0.28738388647552215        45.680337682881301        0.0000000000000000     
  0.26452100351601787        45.685467204897357        0.0000000000000000     
  0.22028240602158036        45.844513792621690        9.6748998148459888E+044
  0.20708763472710576        45.819655544373205        1.3374126214640042E+044
  0.20596975899560532        45.841557385821034        0.0000000000000000     
  0.20596975899560532        44.905442157019351        0.0000000000000000     
  0.14476793427273671        45.940834132108193        4.0217230602889205E+044
  0.12902139438027241        45.812736876255066        1.3753534050516355E+044
   1.5078042073435700E-002   45.761663597395518        8.5556466990108634E+044
   1.5078042073435700E-002   45.282397674209264        5.3591356817529241E+043
   1.5078042073435700E-002   45.282397674209264        5.3591356817529241E+043
   9.5339938182932376E-004   45.957049676346386        4.1734861946394454E+044
  -2.6507248869958927E-003   45.797247764248283        1.9065243752784739E+044
 -0.12041087686817246        45.787950585431339        4.6951719689693763E+044
 -0.12041087686817246        45.307460078111831        5.6911175381446986E+043
 -0.12041087686817246        45.307460078111831        5.6911175381446986E+043
 -0.12279057861352716        45.806993000704274        1.9444651588661053E+044
 -0.12518339172941745        45.974869385508363        4.3442197207837862E+044
 -0.23984716634450678        45.981367678545283        6.1558921370931817E+044
 -0.24298288019736536        45.812736876255066        1.7927020245155800E+044
 -0.24614139944219521        45.338774140780231        6.1084661576086425E+043
 -0.24614139944219521        45.338774140780231        6.1084661576086425E+043
 -0.24614139944219521        45.838580715621681        0.0000000000000000     
 -0.73547899648398207        45.884457665537226        8.4228539564541528E+044
 -0.88870737258015908        45.754473127151954        2.0108615301444601E+045
  -1.0606426718646826        45.709440064585607        1.1382235076289397E+045
  -1.2824914214810390        46.367981411866019        5.7385435176292380E+045
  -1.7345019556176704        45.963818039028887        4.8564202992168097E+045
  -1.8099903643981217        46.290913525131792        0.0000000000000000     
  -1.9204639686996459        46.018438989920867        0.0000000000000000     
  -1.9814614258170578        46.392019652733460        0.0000000000000000     
  -2.1473335196910530        46.351794650772746        0.0000000000000000     
  -2.1733469520559709        46.156023252055810        0.0000000000000000     
  -2.8350872612107794        45.097620235968492        0.0000000000000000     
  -2.8350872612107794        45.539339169219119        0.0000000000000000     
  -3.3828619665986017        44.857859897043433        0.0000000000000000     
  -3.4483635153550343        44.703773513789216        2.4471805414022207E+043
  -3.4483635153550343        44.689696006389852        0.0000000000000000     
  -3.5975321315878350        44.803768824931630        1.1571938994227554E+044
  -3.5975321315878350        44.841557385821034        1.7357908491341331E+044
  -3.7483846964378702        44.073956317770694        1.6314536942681469E+043
  -3.7493935110190155        44.667242384791152        0.0000000000000000     
  -3.7700781098788663        44.492920148474319        3.5000372859589897E+043
  -3.7700781098788663        44.492920148474319        0.0000000000000000     
  -3.7700781098788663        44.544072670921700        3.1111442541857687E+043
  -3.8146602425316067        44.678614289818569        0.0000000000000000     
  -3.8170141479250841        44.669893224039868        0.0000000000000000     
  -3.8643480267207142        44.495560244640529        2.5040917167836671E+043
  -3.8643480267207142        44.641688280318768        6.2602292919591681E+043
  -3.8643480267207142        44.574741490688154        2.8171031813816258E+043
  -3.8643480267207142        44.533348805529926        6.6396371278354824E+043
  -3.8859323185253869        44.566995906088351        4.4675272674435883E+043
  -4.0026507248869958        44.248887911299143        0.0000000000000000     
  -4.0211341305810091        44.338774140780231        1.3089570337732808E+043
  -4.0211341305810091        44.380166825938460        1.0907975281444005E+043
  -4.0211341305810091        44.348114167034375        3.8415043382476714E+043
  -4.0211341305810091        44.452717493087071        2.1815950562888010E+043
  -4.0365089921479633        43.879593084076632        1.0528567445567693E+043
  -4.0404392857763956        44.126265417418018        0.0000000000000000     
  -4.0404392857763956        44.378446845544183        2.3807841701238656E+043
  -4.0404392857763956        44.164567025599105        0.0000000000000000     
  -4.0840088901888949        43.985646476524558        4.5339236387219437E+042
  -4.1156902381955884        44.385286270074488        1.2141050748042024E+043
  -4.1953412457621386        44.033951156099114        0.0000000000000000     
  -4.1981705357810029        43.860707739916258        4.3537049166806944E+042
  -4.2067707075429208        44.186561319305270        8.1098424918561961E+042
  -4.2067707075429208        44.487591314969251        0.0000000000000000     
  -4.2067707075429208        44.269302376119114        4.8374499074229942E+042
  -4.2067707075429208        44.327294323096801        0.0000000000000000     
  -4.2067707075429208        44.529714520874833        0.0000000000000000     
  -4.2067707075429208        44.191890152810338        7.7588902436706055E+042
  -4.2067707075429208        44.280242362183131        0.0000000000000000     
  -4.2067707075429208        44.369743258022304        0.0000000000000000     
  -4.2067707075429208        44.357257546474244        0.0000000000000000     
  -4.2067707075429208        44.398650231632473        1.3089570337732808E+043
  -4.3534781889133924        44.542894123436156        1.1192531158351241E+043
  -4.3534781889133924        44.546420214377683        5.0745798048456894E+042
  -4.4349383467668755        44.473975952835858        1.5176313435052530E+043