log(r)=20.3351	log(t)=6.65509
6	0
6.09091	0
6.18182	0
6.27273	0
6.36364	0
6.45455	0
6.54545	0
6.63636	0
6.72727	0
6.81818	0
6.90909	0
7	0
7.09091	0
7.18182	0
7.27273	0
7.36364	0
7.45455	0
7.54545	0
7.63636	0
7.72727	0
7.81818	0
7.90909	0
8	0
8.09091	0
8.18182	0
8.27273	0
8.36364	0
8.45455	0
8.54545	0
8.63636	0
8.72727	0
8.81818	0
8.90909	0
9	0
9.09091	0
9.18182	0
9.27273	0
9.36364	0
9.45455	0
9.54545	0
9.63636	0
9.72727	0
9.81818	0
9.90909	0
10	0
10.0909	0
10.1818	0
10.2727	0
10.3636	0
10.4545	0
10.5455	0
10.6364	0
10.7273	0
10.8182	0
10.9091	0
11	0
11.0909	0
11.1818	0
11.2727	0
11.3636	0
11.4545	0
11.5455	0
11.6364	0
11.7273	0
11.8182	0
11.9091	0
12	0
12.0909	0
12.1818	0
12.2727	0
12.3636	0
12.4545	0
12.5455	0
12.6364	0
12.7273	0
12.8182	0
12.9091	0
13	0
13.0909	0
13.1818	0
13.2727	0
13.3636	0
13.4545	0
13.5455	0
13.6364	0
13.7273	0
13.8182	0
13.9091	0
14	0
14.0909	0
14.1818	0
14.2727	0
14.3636	0
14.4545	0
14.5455	0
14.6364	0
14.7273	0
14.8182	0
14.9091	0
15	0
