t_obs [yr]	z [pc] 	t_lab [yr]	Rc/Rj	g=Gc/Gj	rho_c	rho_j	Lnt	Lnt_obs
0	50	0	0.00132922	0.1	2.66887e-21	4.94928e-26	3.25692e+41	2.21604e+41
108.994	51.7476	5.71846	0.0200572	0.100124	4.11239e-23	4.62063e-26	2.29333e+43	1.52807e+43
134.002	53.5563	11.6368	0.0269215	0.101883	2.42746e-23	4.3138e-26	3.07597e+43	1.9093e+43
150.979	55.4283	17.762	0.0316303	0.103712	1.75029e-23	4.02735e-26	3.61125e+43	2.17787e+43
164.349	57.3656	24.1013	0.0351472	0.105612	1.37263e-23	3.75992e-26	4.00954e+43	2.37732e+43
175.623	59.3707	30.6621	0.0378566	0.107541	1.12792e-23	3.51025e-26	4.31504e+43	2.53357e+43
185.518	61.4458	37.4523	0.0399667	0.109475	9.54824e-24	3.27715e-26	4.55168e+43	2.65981e+43
194.437	63.5935	44.4798	0.0416087	0.111401	8.25096e-24	3.05954e-26	4.73461e+43	2.7637e+43
202.631	65.8163	51.753	0.0428738	0.11331	7.23787e-24	2.85637e-26	4.87433e+43	2.85007e+43
210.266	68.1167	59.2803	0.0438288	0.115197	6.42204e-24	2.6667e-26	4.97854e+43	2.92218e+43
217.462	70.4976	67.0708	0.0445251	0.11706	5.74925e-24	2.48962e-26	5.0532e+43	2.98235e+43
224.304	72.9616	75.1335	0.0450035	0.118897	5.18384e-24	2.3243e-26	5.10301e+43	3.03228e+43
230.859	75.5118	83.4781	0.045297	0.120708	4.7013e-24	2.16996e-26	5.13178e+43	3.07326e+43
237.177	78.1512	92.1143	0.045433	0.122491	4.28424e-24	2.02587e-26	5.14265e+43	3.10632e+43
243.299	80.8827	101.052	0.0454344	0.124248	3.91992e-24	1.89134e-26	5.13828e+43	3.13229e+43
249.258	83.7098	110.303	0.0453203	0.125978	3.59881e-24	1.76575e-26	5.12088e+43	3.15186e+43
255.082	86.6357	119.877	0.0451075	0.127683	3.3136e-24	1.6485e-26	5.09235e+43	3.16559e+43
260.793	89.6638	129.785	0.04481	0.129362	3.0586e-24	1.53903e-26	5.05433e+43	3.174e+43
266.41	92.7978	140.04	0.0444402	0.131016	2.8293e-24	1.43683e-26	5.00822e+43	3.17753e+43
271.951	96.0413	150.653	0.0440087	0.132646	2.62207e-24	1.34142e-26	4.95526e+43	3.17657e+43
277.429	99.3982	161.637	0.0435249	0.134253	2.43397e-24	1.25235e-26	4.8965e+43	3.17148e+43
282.858	102.872	173.005	0.0429968	0.135838	2.26258e-24	1.16919e-26	4.83288e+43	3.16257e+43
288.248	106.468	184.771	0.0424317	0.137402	2.10587e-24	1.09155e-26	4.76521e+43	3.15015e+43
293.61	110.189	196.947	0.0418358	0.138944	1.96215e-24	1.01907e-26	4.6942e+43	3.1345e+43
298.953	114.041	209.55	0.0412145	0.140467	1.83e-24	9.51397e-27	4.62049e+43	3.11587e+43
304.285	118.027	222.592	0.0405729	0.14197	1.70818e-24	8.88221e-27	4.54461e+43	3.09452e+43
309.613	122.152	236.091	0.0399151	0.143455	1.59566e-24	8.2924e-27	4.46706e+43	3.07065e+43
314.945	126.422	250.062	0.0392448	0.144922	1.49152e-24	7.74175e-27	4.38826e+43	3.0445e+43
320.286	130.84	264.52	0.0385655	0.146372	1.39498e-24	7.22767e-27	4.30858e+43	3.01627e+43
325.643	135.414	279.484	0.03788	0.147806	1.30533e-24	6.74773e-27	4.22835e+43	2.98615e+43
331.021	140.147	294.971	0.0371909	0.149224	1.22199e-24	6.29966e-27	4.14786e+43	2.95432e+43
336.426	145.045	311	0.0365005	0.150627	1.1444e-24	5.88134e-27	4.06735e+43	2.92095e+43
341.862	150.115	327.589	0.0358107	0.152015	1.07208e-24	5.49079e-27	3.98705e+43	2.88622e+43
347.335	155.362	344.757	0.0351232	0.153389	1.00462e-24	5.12619e-27	3.90716e+43	2.85026e+43
352.85	160.792	362.526	0.0344397	0.15475	9.41635e-25	4.78579e-27	3.82782e+43	2.81324e+43
358.409	166.412	380.915	0.0337613	0.156099	8.82773e-25	4.46799e-27	3.7492e+43	2.77529e+43
364.019	172.228	399.948	0.0330892	0.157435	8.2773e-25	4.1713e-27	3.67141e+43	2.73653e+43
369.682	178.248	419.645	0.0324244	0.158759	7.76224e-25	3.89431e-27	3.59456e+43	2.6971e+43
375.403	184.479	440.031	0.0317678	0.160073	7.28001e-25	3.63572e-27	3.51874e+43	2.6571e+43
381.187	190.927	461.13	0.03112	0.161376	6.82828e-25	3.39429e-27	3.44403e+43	2.61665e+43
387.036	197.6	482.966	0.0304817	0.162668	6.40495e-25	3.1689e-27	3.37048e+43	2.57584e+43
392.955	204.506	505.566	0.0298533	0.163951	6.00808e-25	2.95847e-27	3.29816e+43	2.53477e+43
398.948	211.654	528.955	0.0292354	0.165225	5.63587e-25	2.76202e-27	3.22711e+43	2.49353e+43
405.017	219.052	553.162	0.0286282	0.16649	5.2867e-25	2.57861e-27	3.15736e+43	2.4522e+43
411.168	226.709	578.214	0.0280319	0.167746	4.95906e-25	2.40738e-27	3.08893e+43	2.41085e+43
417.404	234.633	604.143	0.0274469	0.168995	4.65155e-25	2.24752e-27	3.02185e+43	2.36956e+43
423.728	242.834	630.978	0.0268733	0.170236	4.36289e-25	2.09828e-27	2.95613e+43	2.32838e+43
430.144	251.321	658.75	0.0263111	0.17147	4.09187e-25	1.95895e-27	2.89178e+43	2.28739e+43
436.656	260.106	687.494	0.0257604	0.172697	3.83739e-25	1.82887e-27	2.82879e+43	2.24662e+43
443.267	269.197	717.242	0.0252213	0.173918	3.59842e-25	1.70742e-27	2.76717e+43	2.20614e+43
449.982	278.606	748.03	0.0246937	0.175133	3.37401e-25	1.59404e-27	2.70692e+43	2.16599e+43
456.804	288.344	779.894	0.0241776	0.176342	3.16324e-25	1.48819e-27	2.64802e+43	2.1262e+43
463.736	298.423	812.871	0.0236729	0.177546	2.9653e-25	1.38937e-27	2.59047e+43	2.08682e+43
470.783	308.853	847.002	0.0231796	0.178745	2.77939e-25	1.29711e-27	2.53424e+43	2.04788e+43
477.949	319.648	882.325	0.0226974	0.179939	2.6048e-25	1.21098e-27	2.47933e+43	2.00941e+43
485.237	330.821	918.883	0.0222263	0.181129	2.44084e-25	1.13057e-27	2.42572e+43	1.97143e+43
492.651	342.384	956.719	0.0217662	0.182315	2.28687e-25	1.05549e-27	2.37338e+43	1.93396e+43
500.196	354.351	995.877	0.0213168	0.183497	2.14228e-25	9.85404e-28	2.3223e+43	1.89704e+43
507.874	366.737	1036.4	0.020878	0.184676	2.00653e-25	9.1997e-28	2.27246e+43	1.86066e+43
515.691	379.555	1078.35	0.0204497	0.185852	1.87908e-25	8.5888e-28	2.22383e+43	1.82486e+43
523.651	392.821	1121.76	0.0200316	0.187026	1.75944e-25	8.01848e-28	2.17639e+43	1.78964e+43
531.757	406.551	1166.68	0.0196236	0.188196	1.64714e-25	7.48602e-28	2.13011e+43	1.755e+43
540.015	420.761	1213.18	0.0192254	0.189365	1.54174e-25	6.98892e-28	2.08498e+43	1.72097e+43
548.427	435.468	1261.3	0.0188368	0.190531	1.44284e-25	6.52483e-28	2.04097e+43	1.68754e+43
557	450.689	1311.11	0.0184577	0.191696	1.35004e-25	6.09156e-28	1.99805e+43	1.65472e+43
565.736	466.441	1362.65	0.0180879	0.19286	1.26299e-25	5.68706e-28	1.95619e+43	1.62251e+43
574.641	482.745	1416	0.0177271	0.194022	1.18133e-25	5.30942e-28	1.91538e+43	1.59091e+43
583.72	499.618	1471.21	0.0173752	0.195183	1.10476e-25	4.95685e-28	1.87559e+43	1.55992e+43
592.977	517.081	1528.35	0.0170318	0.196344	1.03296e-25	4.6277e-28	1.83679e+43	1.52955e+43
602.417	535.154	1587.49	0.0166969	0.197505	9.65645e-26	4.3204e-28	1.79897e+43	1.49977e+43
612.045	553.859	1648.69	0.0163702	0.198665	9.02552e-26	4.03351e-28	1.76208e+43	1.47061e+43
621.866	573.218	1712.04	0.0160516	0.199825	8.43424e-26	3.76567e-28	1.72612e+43	1.44204e+43
631.885	593.253	1777.6	0.0157407	0.200986	7.88023e-26	3.51562e-28	1.69105e+43	1.41406e+43
642.107	613.989	1845.45	0.0154375	0.202147	7.36124e-26	3.28217e-28	1.65686e+43	1.38667e+43
652.537	635.449	1915.67	0.0151417	0.203309	6.87514e-26	3.06422e-28	1.62352e+43	1.35985e+43
663.182	657.66	1988.34	0.0148532	0.204471	6.41995e-26	2.86075e-28	1.591e+43	1.33361e+43
674.045	680.647	2063.56	0.0145717	0.205636	5.99379e-26	2.67078e-28	1.55929e+43	1.30793e+43
685.134	704.437	2141.4	0.014297	0.206801	5.59487e-26	2.49343e-28	1.52837e+43	1.28281e+43
696.454	729.059	2221.97	0.014029	0.207968	5.22154e-26	2.32786e-28	1.4982e+43	1.25823e+43
708.01	754.541	2305.35	0.0137676	0.209137	4.87223e-26	2.17328e-28	1.46878e+43	1.23419e+43
719.809	780.914	2391.65	0.0135124	0.210308	4.54545e-26	2.02897e-28	1.44008e+43	1.21067e+43
731.857	808.209	2480.96	0.0132635	0.211481	4.23982e-26	1.89424e-28	1.41208e+43	1.18767e+43
744.159	836.458	2573.39	0.0130205	0.212657	3.95402e-26	1.76845e-28	1.38477e+43	1.16518e+43
756.723	865.694	2669.06	0.0127833	0.213835	3.68683e-26	1.65102e-28	1.35811e+43	1.14318e+43
769.555	895.953	2768.07	0.0125518	0.215016	3.43709e-26	1.54139e-28	1.3321e+43	1.12167e+43
782.661	927.268	2870.54	0.0123258	0.2162	3.20369e-26	1.43903e-28	1.30672e+43	1.10063e+43
796.048	959.679	2976.59	0.0121051	0.217388	2.98563e-26	1.34348e-28	1.28194e+43	1.08006e+43
809.724	993.222	3086.35	0.0118897	0.218579	2.78192e-26	1.25427e-28	1.25775e+43	1.05995e+43
823.694	1027.94	3199.94	0.0116793	0.219773	2.59167e-26	1.17098e-28	1.23414e+43	1.04028e+43
837.967	1063.87	3317.5	0.0114739	0.220971	2.41402e-26	1.09322e-28	1.21108e+43	1.02105e+43
852.549	1101.05	3439.18	0.0112732	0.222173	2.24818e-26	1.02063e-28	1.18857e+43	1.00224e+43
867.448	1139.54	3565.1	0.0110772	0.223379	2.09338e-26	9.52853e-29	1.16658e+43	9.83847e+42
882.673	1179.37	3695.43	0.0108857	0.22459	1.94892e-26	8.8958e-29	1.14511e+43	9.65859e+42
898.229	1220.59	3830.32	0.0106986	0.225805	1.81414e-26	8.30509e-29	1.12413e+43	9.48265e+42
914.127	1263.25	3969.91	0.0105157	0.227025	1.68841e-26	7.7536e-29	1.10363e+43	9.31057e+42
930.373	1307.4	4114.39	0.0103371	0.228249	1.57115e-26	7.23873e-29	1.0836e+43	9.14224e+42
946.977	1353.1	4263.92	0.0101624	0.229479	1.4618e-26	6.75806e-29	1.06403e+43	8.97758e+42
963.946	1400.39	4418.67	0.00999169	0.230713	1.35986e-26	6.3093e-29	1.0449e+43	8.8165e+42
981.289	1449.34	4578.83	0.00982477	0.231953	1.26484e-26	5.89034e-29	1.0262e+43	8.65889e+42
999.016	1500	4744.59	0.00966157	0.233199	1.17628e-26	5.4992e-29	1.00792e+43	8.50468e+42
Lnt total	2.05872e+45
