   6.0000000000000000        38.594365266933529     
   6.3793100000000003        39.859181826011586     
   6.7586199999999996        40.387288248106252     
   7.1379299999999999        40.607791315192515     
   7.5172400000000001        40.699841826011586     
   7.8965500000000004        40.738276028482431     
   8.2758599999999998        40.754349176444066     
   8.6551700000000000        40.761027817700075     
   9.0344800000000003        40.763825266933523     
   9.4137900000000005        40.765011315192510     
   9.7931000000000008        40.765471563981123     
   10.172400000000000        40.765652230963575     
   10.551700000000000        40.765674122078714     
   10.930999999999999        40.765635694598608     
   11.310300000000000        40.765454173802290     
   11.689700000000000        40.765246150409268     
   12.069000000000001        40.764261826011584     
   12.448300000000000        40.761948248106251     
   12.827600000000000        40.756431315192515     
   13.206899999999999        40.743190594859072     
   13.586200000000000        40.711582997300809     
   13.965500000000000        40.635890594859070     
   14.344799999999999        40.454661826011588     
   14.724100000000000        40.020631315192510     
   15.103400000000001        38.981082997300817     
   15.482799999999999        36.491631315192507     
   15.862100000000000        30.528844476836362     
   16.241399999999999        16.247834874089303     
   16.620699999999999       -17.955534733066472     
   17.000000000000000       -99.873340685210565     
