t_obs [yr]	z [pc] 	t_lab [yr]	Rc/Rj	g=Gc/Gj	rho_c	rho_j	Lnt	Lnt_obs
0	50	0	0.132922	0.1	2.66887e-24	4.94928e-29	3.25692e+40	3.17065e+40
359.59	51.7476	5.71846	0.474474	0.100012	3.57023e-25	4.62063e-29	1.1988e+41	1.16729e+41
531.989	53.5563	11.6368	0.677027	0.100057	1.89033e-25	4.3138e-29	1.76763e+41	1.72204e+41
653.831	55.4283	17.762	0.81575	0.10012	1.29011e-25	4.02735e-29	2.1862e+41	2.13091e+41
751.754	57.3656	24.1013	0.916244	0.100197	9.78398e-26	3.75992e-29	2.51004e+41	2.44781e+41
835.718	59.3707	30.6621	0.990615	0.100284	7.85759e-26	3.51025e-29	2.76562e+41	2.69838e+41
910.573	61.4458	37.4523	1.04581	0.100379	6.54054e-26	3.27715e-29	2.83837e+41	2.7707e+41
979.065	63.5935	44.4798	1.08632	0.10048	5.57872e-26	3.05954e-29	2.88011e+41	2.81276e+41
1042.91	65.8163	51.753	1.11524	0.100586	4.843e-26	2.85637e-29	2.91772e+41	2.85078e+41
1103.25	68.1167	59.2803	1.13487	0.100697	4.26058e-26	2.6667e-29	2.95172e+41	2.88525e+41
1160.91	70.4976	67.0708	1.14692	0.100811	3.78719e-26	2.48962e-29	2.98252e+41	2.91659e+41
1216.47	72.9616	75.1335	1.15276	0.100928	3.39433e-26	2.3243e-29	3.01046e+41	2.9451e+41
1270.39	75.5118	83.4781	1.15346	0.101048	3.06273e-26	2.16996e-29	3.03583e+41	2.97107e+41
1323.03	78.1512	92.1143	1.14991	0.10117	2.77893e-26	2.02587e-29	3.05887e+41	2.99472e+41
1374.67	80.8827	101.052	1.14284	0.101294	2.5332e-26	1.89134e-29	3.07977e+41	3.01626e+41
1425.54	83.7098	110.303	1.13283	0.101419	2.31832e-26	1.76575e-29	3.09872e+41	3.03585e+41
1475.84	86.6357	119.877	1.1204	0.101545	2.12883e-26	1.6485e-29	3.11589e+41	3.05366e+41
1525.73	89.6638	129.785	1.10597	0.101673	1.96051e-26	1.53903e-29	3.1314e+41	3.0698e+41
1575.35	92.7978	140.04	1.08991	0.101802	1.81005e-26	1.43683e-29	3.14538e+41	3.08442e+41
1624.83	96.0413	150.653	1.07251	0.101931	1.6748e-26	1.34142e-29	3.15794e+41	3.0976e+41
1674.27	99.3982	161.637	1.05405	0.102061	1.55263e-26	1.25235e-29	3.1692e+41	3.10946e+41
1723.77	102.872	173.005	1.03474	0.102192	1.4418e-26	1.16919e-29	3.17923e+41	3.12008e+41
1773.42	106.468	184.771	1.01479	0.102323	1.34086e-26	1.09155e-29	3.18811e+41	3.12954e+41
1823.31	110.189	196.947	0.99435	0.102454	1.24863e-26	1.01907e-29	3.17788e+41	3.12019e+41
1873.49	114.041	209.55	0.973574	0.102585	1.16408e-26	9.51397e-30	3.11813e+41	3.06216e+41
1924.06	118.027	222.592	0.952583	0.102717	1.08637e-26	8.88221e-30	3.05652e+41	3.00223e+41
1975.06	122.152	236.091	0.931481	0.102849	1.01477e-26	8.2924e-30	2.99349e+41	2.94085e+41
2026.56	126.422	250.062	0.910359	0.102981	9.48649e-27	7.74175e-30	2.92943e+41	2.8784e+41
2078.62	130.84	264.52	0.889294	0.103113	8.87466e-27	7.22767e-30	2.8647e+41	2.81523e+41
2131.3	135.414	279.484	0.868353	0.103245	8.30749e-27	6.74773e-30	2.79959e+41	2.75163e+41
2184.65	140.147	294.971	0.847592	0.103377	7.78087e-27	6.29966e-30	2.73437e+41	2.68787e+41
2238.72	145.045	311	0.827058	0.103509	7.29117e-27	5.88134e-30	2.66926e+41	2.62417e+41
2293.56	150.115	327.589	0.806793	0.103641	6.83519e-27	5.49079e-30	2.60448e+41	2.56074e+41
2349.23	155.362	344.757	0.786829	0.103773	6.41009e-27	5.12619e-30	2.54018e+41	2.49774e+41
2405.78	160.792	362.526	0.767195	0.103905	6.01336e-27	4.78579e-30	2.47652e+41	2.43533e+41
2463.25	166.412	380.915	0.747913	0.104037	5.64272e-27	4.46799e-30	2.41363e+41	2.37362e+41
2521.69	172.228	399.948	0.729001	0.104169	5.29616e-27	4.1713e-30	2.35161e+41	2.31274e+41
2581.15	178.248	419.645	0.710475	0.1043	4.97185e-27	3.89431e-30	2.29055e+41	2.25277e+41
2641.69	184.479	440.031	0.692345	0.104432	4.66814e-27	3.63572e-30	2.23053e+41	2.19379e+41
2703.34	190.927	461.13	0.67462	0.104564	4.38354e-27	3.39429e-30	2.17161e+41	2.13586e+41
2766.16	197.6	482.966	0.657304	0.104695	4.1167e-27	3.1689e-30	2.11385e+41	2.07904e+41
2830.21	204.506	505.566	0.640403	0.104827	3.86637e-27	2.95847e-30	2.05727e+41	2.02336e+41
2895.52	211.654	528.955	0.623917	0.104958	3.63142e-27	2.76202e-30	2.00192e+41	1.96886e+41
2962.15	219.052	553.162	0.607845	0.10509	3.41082e-27	2.57861e-30	1.94781e+41	1.91555e+41
3030.15	226.709	578.214	0.592187	0.105221	3.20363e-27	2.40738e-30	1.89496e+41	1.86347e+41
3099.58	234.633	604.143	0.576939	0.105353	3.00896e-27	2.24752e-30	1.84338e+41	1.81262e+41
3170.48	242.834	630.978	0.562098	0.105485	2.82602e-27	2.09828e-30	1.79308e+41	1.76299e+41
3242.91	251.321	658.75	0.547658	0.105616	2.65405e-27	1.95895e-30	1.74404e+41	1.71461e+41
3316.93	260.106	687.494	0.533615	0.105748	2.49236e-27	1.82887e-30	1.69627e+41	1.66745e+41
3392.59	269.197	717.242	0.51996	0.10588	2.34033e-27	1.70742e-30	1.64975e+41	1.62151e+41
3469.94	278.606	748.03	0.506689	0.106011	2.19735e-27	1.59404e-30	1.60448e+41	1.57678e+41
3549.05	288.344	779.894	0.493793	0.106143	2.06288e-27	1.48819e-30	1.56044e+41	1.53325e+41
3629.97	298.423	812.871	0.481264	0.106275	1.93639e-27	1.38937e-30	1.5176e+41	1.49089e+41
3712.77	308.853	847.002	0.469096	0.106408	1.81742e-27	1.29711e-30	1.47596e+41	1.4497e+41
3797.5	319.648	882.325	0.457279	0.10654	1.70551e-27	1.21098e-30	1.43548e+41	1.40965e+41
3884.23	330.821	918.883	0.445806	0.106673	1.60025e-27	1.13057e-30	1.39615e+41	1.37072e+41
3973.03	342.384	956.719	0.434667	0.106806	1.50124e-27	1.05549e-30	1.35795e+41	1.33289e+41
4063.96	354.351	995.877	0.423855	0.106939	1.40812e-27	9.85404e-31	1.32085e+41	1.29614e+41
4157.09	366.737	1036.4	0.413361	0.107072	1.32054e-27	9.1997e-31	1.28482e+41	1.26043e+41
4252.49	379.555	1078.35	0.403177	0.107206	1.23818e-27	8.5888e-31	1.24983e+41	1.22576e+41
4350.23	392.821	1121.76	0.393294	0.10734	1.16073e-27	8.01848e-31	1.21588e+41	1.19208e+41
4450.38	406.551	1166.68	0.383703	0.107474	1.08792e-27	7.48602e-31	1.18291e+41	1.15938e+41
4553.03	420.761	1213.18	0.374396	0.107609	1.01947e-27	6.98892e-31	1.15092e+41	1.12764e+41
4658.23	435.468	1261.3	0.365366	0.107744	9.55132e-28	6.52483e-31	1.11987e+41	1.09681e+41
4766.09	450.689	1311.11	0.356603	0.107879	8.94667e-28	6.09156e-31	1.08975e+41	1.0669e+41
4876.67	466.441	1362.65	0.348101	0.108015	8.37852e-28	5.68706e-31	1.06051e+41	1.03785e+41
4990.06	482.745	1416	0.339851	0.108152	7.84476e-28	5.30942e-31	1.03214e+41	1.00966e+41
5106.34	499.618	1471.21	0.331845	0.108289	7.3434e-28	4.95685e-31	1.00461e+41	9.82296e+40
5225.61	517.081	1528.35	0.324077	0.108426	6.87256e-28	4.6277e-31	9.77903e+40	9.55734e+40
5347.96	535.154	1587.49	0.316538	0.108564	6.43047e-28	4.3204e-31	9.51984e+40	9.29951e+40
5473.47	553.859	1648.69	0.309222	0.108703	6.01547e-28	4.03351e-31	9.26834e+40	9.04923e+40
5602.24	573.218	1712.04	0.302121	0.108842	5.62597e-28	3.76567e-31	9.02429e+40	8.80629e+40
5734.37	593.253	1777.6	0.295229	0.108982	5.26049e-28	3.51562e-31	8.78745e+40	8.57045e+40
5869.96	613.989	1845.45	0.288539	0.109122	4.91763e-28	3.28217e-31	8.55761e+40	8.34149e+40
6009.12	635.449	1915.67	0.282045	0.109263	4.59606e-28	3.06422e-31	8.33454e+40	8.1192e+40
6151.94	657.66	1988.34	0.27574	0.109405	4.29453e-28	2.86075e-31	8.11802e+40	7.90337e+40
6298.55	680.647	2063.56	0.269618	0.109548	4.01186e-28	2.67078e-31	7.90786e+40	7.69379e+40
6449.04	704.437	2141.4	0.263674	0.109691	3.74693e-28	2.49343e-31	7.70383e+40	7.49028e+40
6603.55	729.059	2221.97	0.257901	0.109835	3.49869e-28	2.32786e-31	7.50575e+40	7.29262e+40
6762.17	754.541	2305.35	0.252295	0.109981	3.26615e-28	2.17328e-31	7.31343e+40	7.10064e+40
6925.05	780.914	2391.65	0.246848	0.110126	3.04837e-28	2.02897e-31	7.12667e+40	6.91415e+40
7092.29	808.209	2480.96	0.241558	0.110273	2.84446e-28	1.89424e-31	6.94529e+40	6.73297e+40
7264.04	836.458	2573.39	0.236417	0.110421	2.65359e-28	1.76845e-31	6.76913e+40	6.55694e+40
7440.42	865.694	2669.06	0.231421	0.11057	2.47496e-28	1.65102e-31	6.598e+40	6.38588e+40
7621.57	895.953	2768.07	0.226566	0.110719	2.30784e-28	1.54139e-31	6.43174e+40	6.21963e+40
7807.63	927.268	2870.54	0.221847	0.11087	2.15153e-28	1.43903e-31	6.27019e+40	6.05804e+40
7998.74	959.679	2976.59	0.21726	0.111022	2.00536e-28	1.34348e-31	6.11321e+40	5.90095e+40
8195.05	993.222	3086.35	0.212799	0.111175	1.86871e-28	1.25427e-31	5.96063e+40	5.74822e+40
8396.72	1027.94	3199.94	0.208462	0.111328	1.741e-28	1.17098e-31	5.81231e+40	5.59971e+40
8603.89	1063.87	3317.5	0.204243	0.111484	1.62166e-28	1.09322e-31	5.66811e+40	5.45527e+40
8816.74	1101.05	3439.18	0.200139	0.11164	1.51018e-28	1.02063e-31	5.52789e+40	5.31478e+40
9035.42	1139.54	3565.1	0.196147	0.111797	1.40607e-28	9.52853e-32	5.39153e+40	5.1781e+40
9260.1	1179.37	3695.43	0.192262	0.111956	1.30886e-28	8.8958e-32	5.2589e+40	5.04512e+40
9490.97	1220.59	3830.32	0.188481	0.112116	1.21812e-28	8.30509e-32	5.12988e+40	4.9157e+40
9728.19	1263.25	3969.91	0.184801	0.112277	1.13344e-28	7.7536e-32	5.00434e+40	4.78975e+40
9971.96	1307.4	4114.39	0.181218	0.112439	1.05444e-28	7.23873e-32	4.88217e+40	4.66713e+40
10222.5	1353.1	4263.92	0.177729	0.112603	9.80743e-29	6.75806e-32	4.76327e+40	4.54776e+40
10479.9	1400.39	4418.67	0.174331	0.112769	9.12022e-29	6.3093e-32	4.64752e+40	4.43151e+40
10744.5	1449.34	4578.83	0.171022	0.112935	8.47953e-29	5.89034e-32	4.53483e+40	4.3183e+40
11016.4	1500	4744.59	0.167798	0.113104	7.88235e-29	5.4992e-32	4.4251e+40	4.20803e+40
Lnt total	1.67862e+43
